##########################################
# These problems were randomly generated.
##########################################
problem_set_number: 6
problems: 356
test_problems: 100

-problem: 1
 correct_answer: 5
 y: [0,4,1]
 M: 10

-problem: 2
 correct_answer: 0
 y: [0,0,5]
 M: 10

-problem: 3
 correct_answer: 0
 y: [0,3,4]
 M: 10

-problem: 4
 correct_answer: 1
 y: [1,2,1]
 M: 10

-problem: 5
 correct_answer: 0
 y: [0,0,4]
 M: 10

-problem: 6
 correct_answer: 11
 y: [4,0,0]
 M: 10

-problem: 7
 correct_answer: 9
 y: [3,4,0]
 M: 10

-problem: 8
 correct_answer: 2
 y: [0,2,0]
 M: 10

-problem: 9
 correct_answer: 9
 y: [4,0,1]
 M: 10

-problem: 10
 correct_answer: 14
 y: [5,4,0]
 M: 10

-problem: 11
 correct_answer: 1
 y: [0,1,0]
 M: 10

-problem: 12
 correct_answer: 40
 y: [0,0,4,0,0,2,2,7,6,0]
 M: 10

-problem: 13
 correct_answer: 10
 y: [0,0,0,3,0,3,3,6,5,3]
 M: 10

-problem: 14
 correct_answer: 20
 y: [0,4,2,1,3,4,3,1,0,0]
 M: 10

-problem: 15
 correct_answer: 35
 y: [0,0,0,0,0,4,7,3,0,0]
 M: 10

-problem: 16
 correct_answer: 43
 y: [1,3,5,2,3,0,0,6,0,0]
 M: 10

-problem: 17
 correct_answer: 2
 y: [0,1,0,0,0,1,1,1,0,2]
 M: 10

-problem: 18
 correct_answer: 34
 y: [2,3,0,2,6,0,4,0,5,4]
 M: 10

-problem: 19
 correct_answer: 23
 y: [0,0,0,0,4,0,5,7,3,2]
 M: 10

-problem: 20
 correct_answer: 24
 y: [1,0,5,3,1,4,0,0,2,6]
 M: 10

-problem: 21
 correct_answer: 28
 y: [3,4,3,0,1,0,0,5,2,1]
 M: 10

-problem: 22
 correct_answer: 6
 y: [0,0,1,0,1,2,0,0,4,2]
 M: 10

-problem: 23
 correct_answer: 25
 y: [0,5,0,1,3,0,0,0,0,8]
 M: 10

-problem: 24
 correct_answer: 24
 y: [0,2,0,0,6,0,1,4,5,8]
 M: 10

-problem: 25
 correct_answer: 73
 y: [0,5,4,0,0,6,7,0,0,0]
 M: 10

-problem: 26
 correct_answer: 33
 y: [5,0,2,3,2,6,0,2,7,7]
 M: 10

-problem: 27
 correct_answer: 15
 y: [4,0,0,1,2,2,0,0,5,6]
 M: 10

-problem: 28
 correct_answer: 9
 y: [0,3,2,0,1,0,4,4,6,4]
 M: 10

-problem: 29
 correct_answer: 29
 y: [5,0,0,3,3,0,7,7,4,6]
 M: 10

-problem: 30
 correct_answer: 23
 y: [0,3,2,2,0,3,5,0,2,0]
 M: 10

-problem: 31
 correct_answer: 31
 y: [0,4,2,0,0,4,4,1,5,0]
 M: 100

-problem: 32
 correct_answer: 30793
 y: [10,0,9,6,13,0,0,7,0,23,0,16,23,2,12,22,21,4,22,0,12,0,4,11,26,12,14,29,6,16,0,27,25,11,0,2,6,14,31,18,0,2,12,16,9,17,6,12,3,0,23,21,34,0,21,35,33,37,31,7,13,38,39,29,1,30,11,34,21,26,13,29,4,10,15,29,10,20,27,14,16,19,12,40,39,24,37,36,30,13,24,38,15,50,32,38,49,14,14,20,17,16,41,21,24,42,41,15,25,25,16,53,53,36,36,37,29,33,19,28,51,59,56,60,25,41,56,53,50,35,53,45,54,64,51,59,46,27,26,39,57,62,56,54,60,49,45,33,34,49,68,44,44,51,38,47,40,40,56,50,52,70,51,62,50,63,58,64,48,43,52,69,75,50,73,58,73,61,64,63,78,72,50,80,65,78,71,69,57,71,63,74,64,77,59,79,48,74,51,57,86,64,47,84,87,50,79,71,52,86,55,64,70,91,51,57,83,76,80,60,83,61,77,66,63,60,78,88,76,89,86,66,74,96,98,77,85,63,96,99,71,100,68,84,97,98,94,100,94,94,68,100,93,90,73,93,92,79,89,71,96,97,72,80,99,98,100,100,74,99,82,100,81,85,90,85,81,75,100,100,86,100,83,86,85,94,100,100,82,93,95,89,100,96,87,86,100,100,100,86]
 M: 100

-problem: 33
 correct_answer: 32118
 y: [6,17,17,0,0,1,11,8,1,0,0,0,1,7,0,0,7,0,1,24,21,10,20,27,18,23,26,29,22,0,0,1,22,1,14,0,3,31,21,23,21,29,28,0,19,9,0,18,8,19,24,0,36,25,30,14,18,14,26,26,31,36,5,18,2,38,23,35,34,14,35,9,32,40,25,7,32,30,41,45,34,21,46,35,9,31,13,41,20,12,14,16,38,47,47,35,22,31,49,18,39,42,45,19,30,26,44,18,47,45,50,50,44,53,41,20,25,52,31,22,46,57,34,28,61,36,39,28,44,41,29,41,42,30,39,50,45,39,42,40,30,40,65,35,34,39,33,29,68,58,57,61,57,42,64,37,40,68,56,67,69,65,50,53,36,71,35,50,53,67,74,48,37,54,40,43,39,41,46,60,80,52,75,70,45,42,56,64,74,75,81,70,45,61,82,59,57,46,57,63,77,86,59,62,55,53,48,60,82,51,80,72,82,51,56,69,85,86,59,78,84,53,77,64,72,78,89,57,64,75,75,79,84,91,65,62,79,91,72,90,87,81,88,78,81,95,79,98,98,83,90,100,87,67,80,95,79,73,78,67,78,89,100,80,82,91,81,69,76,95,100,97,91,99,92,98,92,100,73,74,78,94,100,100,100,100,100,87,100,96,76,100,100,89,100,97,100,100,100,90]
 M: 100

-problem: 34
 correct_answer: 31369
 y: [0,0,17,15,9,16,0,0,0,0,21,4,9,0,15,3,2,12,10,0,7,25,0,0,17,26,0,2,28,28,15,6,16,2,0,9,8,7,0,10,21,26,27,8,28,17,27,32,32,20,29,0,3,3,32,17,2,27,23,13,33,25,13,36,37,27,24,12,12,43,39,23,28,20,9,31,13,27,10,25,21,26,10,33,14,36,13,15,10,35,21,37,16,46,12,29,44,49,47,30,32,21,38,36,33,30,43,48,51,22,21,21,36,40,53,36,42,20,44,30,29,24,39,44,54,27,40,51,53,60,47,32,60,29,62,54,63,44,56,59,43,35,56,66,63,53,65,46,46,46,57,30,66,66,70,53,32,56,68,40,70,33,49,59,65,49,55,39,43,59,62,46,62,66,72,51,60,41,67,43,80,46,63,56,81,47,48,75,52,79,66,66,64,56,80,77,61,78,51,56,72,54,84,66,86,80,64,72,62,60,51,77,70,86,54,78,77,75,71,57,73,67,68,76,73,91,55,62,79,81,57,61,60,91,95,96,92,68,80,66,61,81,70,84,98,91,66,80,94,68,96,75,82,65,88,79,92,91,69,94,96,97,100,86,70,76,100,87,100,69,71,93,77,99,82,85,87,80,73,100,77,86,83,98,100,100,81,100,100,100,100,91,100,96,100,100,84,100,90,82]
 M: 100

-problem: 35
 correct_answer: 30485
 y: [11,0,0,4,0,9,0,0,10,0,0,0,14,13,0,0,0,0,0,26,5,0,20,0,0,16,0,28,0,21,0,3,7,0,0,15,6,0,14,24,6,29,0,0,19,18,20,1,6,21,24,0,0,16,18,3,15,9,0,9,32,26,12,27,17,10,40,22,23,38,23,41,20,44,43,19,17,34,24,11,23,35,45,13,33,44,40,29,30,28,33,49,21,31,17,34,50,28,14,29,15,45,33,19,14,26,30,41,24,47,32,29,33,23,24,54,58,26,30,39,55,51,58,33,59,24,25,47,29,48,33,23,60,53,64,48,61,43,45,28,58,65,52,47,57,55,63,32,60,38,40,57,44,47,67,47,41,48,37,61,60,48,37,52,64,36,46,63,40,76,72,67,51,74,54,40,63,46,79,52,57,51,70,51,57,48,53,42,70,75,77,65,83,66,79,47,78,56,79,62,58,78,55,64,52,65,48,52,61,86,68,66,87,67,75,66,57,71,92,93,85,93,56,77,88,89,86,74,86,74,72,63,88,68,62,86,93,86,67,68,68,90,78,84,97,73,99,91,73,87,78,88,64,68,100,88,88,100,74,75,79,93,73,100,89,91,68,93,100,97,72,100,100,89,100,89,83,100,100,100,81,100,100,74,90,100,79,95,100,91,77,100,100,100,89,100,86,100,100,100]
 M: 100

-problem: 36
 correct_answer: 32487
 y: [15,0,18,0,0,0,22,6,22,17,21,15,0,8,0,4,5,11,2,19,0,16,23,18,21,0,7,14,0,0,16,25,15,0,18,23,3,1,13,25,0,1,0,32,22,20,7,13,7,16,30,4,13,8,36,29,13,0,37,23,35,27,17,40,29,8,7,36,20,21,42,24,44,40,16,9,31,6,17,23,27,45,37,30,19,46,14,15,13,42,17,17,26,43,46,31,17,46,52,18,47,25,24,34,33,21,55,35,23,46,32,34,18,23,20,44,26,31,29,50,36,42,44,33,48,39,56,54,52,56,31,24,26,54,36,30,27,40,52,27,39,51,38,44,67,61,58,47,40,36,64,54,30,65,49,36,64,41,50,47,51,34,42,50,67,62,69,67,57,68,49,51,39,48,69,74,52,49,58,65,66,61,71,52,53,72,65,75,73,58,54,45,52,58,46,80,68,60,66,55,81,65,60,72,86,66,85,88,70,51,63,51,65,76,71,56,87,88,88,80,53,69,85,57,90,59,69,61,74,83,75,68,58,65,90,76,75,96,87,59,70,61,100,98,82,83,100,91,74,100,86,76,65,99,74,76,84,74,72,95,87,76,100,81,80,68,95,93,100,100,70,78,93,76,82,84,84,76,100,81,100,73,100,100,81,100,87,96,100,91,94,86,97,89,84,100,78,91,100,100]
 M: 100

-problem: 37
 correct_answer: 34164
 y: [15,0,16,14,0,10,14,0,13,0,14,16,0,0,14,25,0,0,18,0,0,0,3,23,2,14,16,0,1,3,21,17,0,0,5,31,6,27,0,6,16,24,25,15,0,12,30,6,34,3,17,18,24,33,2,28,15,12,31,13,16,33,17,3,2,6,26,21,13,26,4,42,9,39,18,31,12,19,6,19,43,38,29,28,24,40,35,46,40,13,18,36,43,16,15,31,42,41,14,46,53,21,21,47,29,24,47,38,22,24,34,29,24,53,51,22,51,50,32,44,48,49,33,45,48,22,25,61,61,46,47,55,53,59,54,33,47,31,55,28,66,29,31,52,28,33,34,66,45,62,63,54,52,52,40,57,71,32,58,33,65,63,39,41,57,51,75,52,40,54,57,65,45,62,48,48,43,66,52,75,41,61,51,81,77,64,56,77,82,72,49,80,47,71,62,62,47,64,84,77,79,81,69,64,55,88,52,78,79,72,82,56,87,89,84,87,75,54,89,68,81,56,74,79,63,94,71,92,96,91,63,85,82,63,76,89,96,59,97,75,95,92,67,78,91,62,70,78,76,87,81,91,87,91,71,87,92,83,99,74,77,100,100,80,86,71,72,99,100,76,72,100,72,77,85,100,100,95,100,89,77,91,100,86,100,93,96,100,100,87,100,90,96,100,84,100,100,81,87,81]
 M: 100

-problem: 38
 correct_answer: 28474
 y: [0,0,0,18,2,14,0,14,7,2,0,14,13,14,13,0,2,6,0,0,6,10,0,0,27,23,24,0,1,0,0,21,5,20,4,30,6,0,21,0,1,0,0,17,26,0,9,3,28,9,20,37,23,28,35,5,0,24,14,25,24,35,28,35,9,17,36,14,33,13,9,36,37,10,40,32,13,5,21,27,29,45,21,16,35,12,40,37,21,30,13,21,26,39,27,12,46,34,27,26,33,17,26,47,43,44,18,52,33,44,46,33,21,44,57,38,21,25,48,24,57,47,50,43,58,45,55,44,60,47,26,60,57,41,54,37,38,62,49,42,49,67,46,58,52,34,51,58,43,41,30,59,48,46,40,42,49,50,66,40,48,55,74,49,68,61,59,67,58,62,41,64,52,47,65,75,48,73,64,40,55,75,46,65,74,58,66,65,77,69,81,56,72,72,54,48,45,54,62,66,54,78,69,59,69,88,83,78,86,75,89,70,81,60,81,83,78,57,63,56,68,60,80,79,77,95,89,81,87,65,83,70,75,73,92,86,62,82,88,78,71,73,77,78,77,67,94,97,87,67,97,100,99,69,77,100,80,93,100,74,81,98,99,75,83,95,98,72,72,98,86,100,96,91,100,100,82,92,100,75,92,83,97,100,100,82,75,92,77,88,98,93,91,100,95,100,88,81,99,97]
 M: 100

-problem: 39
 correct_answer: 31858
 y: [3,15,3,4,18,16,0,0,20,17,0,0,0,0,0,0,18,0,18,14,0,5,26,0,23,3,0,14,0,0,8,1,12,0,0,8,28,23,30,9,6,5,17,2,19,32,13,5,36,18,18,37,0,35,7,14,30,12,0,22,15,33,7,30,13,8,40,12,29,21,40,26,38,22,6,37,28,5,11,14,17,30,43,13,41,21,18,38,44,30,39,24,38,24,48,21,39,27,23,29,14,30,39,34,50,49,49,23,33,30,55,26,28,36,24,52,31,21,51,41,52,33,30,48,43,35,50,54,32,61,32,33,52,46,30,54,49,56,65,26,41,42,39,39,45,52,28,49,32,33,70,32,62,60,54,43,50,57,33,48,52,61,56,65,62,48,46,52,39,75,50,50,69,58,41,58,76,72,61,67,55,70,68,72,77,41,76,57,54,46,50,65,83,44,79,83,82,61,69,83,74,81,77,85,62,85,83,85,49,55,62,76,63,83,56,70,75,87,52,90,69,54,58,83,61,76,68,79,70,66,67,73,78,65,83,85,95,70,66,76,100,90,70,67,82,89,69,65,93,78,84,75,93,72,75,98,96,72,77,84,91,67,88,71,100,86,100,87,100,76,97,95,70,100,93,90,81,75,73,87,76,100,76,87,96,100,80,100,87,81,100,83,100,100,86,94,91,100,88,85]
 M: 100

-problem: 40
 correct_answer: 35594
 y: [14,0,6,0,0,21,0,0,22,23,0,10,0,2,0,0,24,11,23,8,0,4,22,1,17,25,16,0,18,21,20,0,27,31,17,16,17,0,0,29,23,29,0,25,1,22,34,3,20,17,0,0,3,14,20,1,31,5,23,15,19,24,1,34,30,20,37,17,19,37,5,24,5,29,41,41,27,45,20,14,44,41,13,26,43,19,30,42,43,41,24,31,41,12,28,30,17,40,43,49,27,40,35,52,26,19,18,15,44,17,32,57,56,23,45,27,53,36,58,51,51,20,53,60,58,34,37,23,62,44,57,51,61,36,28,65,29,41,60,56,35,34,39,67,66,64,57,61,63,66,56,30,59,63,46,47,53,72,34,71,41,63,59,47,36,61,68,40,51,56,63,51,77,53,40,74,77,58,73,67,47,43,52,58,79,75,69,65,53,59,69,68,81,84,69,63,81,62,52,65,71,51,85,84,73,48,84,80,64,54,73,70,85,80,59,51,54,70,68,71,66,55,64,77,56,75,64,60,74,64,61,90,76,95,71,79,95,92,88,91,61,68,71,84,89,63,90,68,73,92,65,95,92,94,95,69,67,91,90,75,71,92,72,73,88,70,72,100,75,70,80,96,70,80,100,100,79,90,100,87,99,89,75,91,95,75,89,77,90,100,81,80,100,80,100,100,92,100,89,97]
 M: 100

-problem: 41
 correct_answer: 31147
 y: [12,0,11,0,17,0,14,16,18,0,0,9,0,0,21,0,0,9,17,4,0,12,14,11,6,22,28,0,0,0,10,2,0,24,0,10,29,0,13,29,8,13,22,31,32,17,12,17,10,8,22,13,36,20,6,5,2,25,17,2,5,21,16,37,8,14,34,20,14,11,7,34,13,38,12,8,20,29,15,24,26,23,29,18,33,18,12,33,48,14,25,30,39,23,32,38,13,31,28,15,16,46,48,16,41,41,42,51,23,49,53,51,41,53,30,32,25,59,38,19,55,42,22,36,51,52,28,55,53,29,39,49,40,28,41,58,37,29,55,66,64,36,34,47,58,65,47,33,37,40,68,53,41,51,61,62,48,72,35,36,34,36,55,69,67,40,63,59,49,65,44,40,43,53,40,64,68,75,45,54,50,46,61,79,41,68,51,69,68,48,46,44,53,51,58,80,73,55,59,60,47,66,48,60,51,79,56,63,50,51,83,83,54,66,74,79,71,71,61,91,93,67,77,55,63,73,85,85,70,62,80,78,87,75,60,75,58,60,75,78,79,60,69,82,93,69,68,91,89,76,65,89,93,100,100,73,84,77,100,88,75,100,72,77,94,70,99,97,78,98,74,99,100,87,100,90,100,96,72,83,95,77,94,78,100,100,100,79,87,93,100,97,100,88,100,100,96,100,97,100]
 M: 100

-problem: 42
 correct_answer: 29138
 y: [20,0,0,12,12,0,14,0,16,6,21,18,0,0,0,0,5,0,0,12,0,9,24,0,1,0,5,29,21,14,18,0,16,0,21,3,16,26,20,3,12,33,33,19,16,7,32,23,4,27,20,19,32,37,28,27,21,28,16,29,25,7,4,21,21,34,27,31,32,32,43,14,20,22,22,8,29,7,25,41,16,17,22,47,9,9,39,27,32,45,34,44,36,43,43,32,18,50,41,34,51,45,16,37,45,49,26,17,50,24,39,33,30,56,55,49,29,31,41,55,38,21,31,30,48,30,56,37,30,53,42,52,64,47,49,63,38,27,43,28,40,32,41,36,56,62,34,39,39,57,58,54,67,60,53,39,52,54,40,66,54,56,55,49,65,48,75,46,72,52,63,37,56,62,46,69,57,43,52,46,66,75,49,80,50,65,60,64,69,72,60,60,46,53,53,81,60,75,50,71,72,77,51,61,70,86,61,64,53,75,61,80,66,83,58,72,72,80,56,80,87,65,82,91,87,85,75,95,93,80,83,61,69,59,91,67,70,97,72,98,89,63,74,97,65,67,82,63,85,87,100,66,74,78,91,69,100,88,100,92,77,93,91,85,73,98,80,100,100,85,92,93,94,95,92,71,100,100,100,89,87,82,81,100,100,93,100,81,92,100,99,83,97,100,79,100,89,100,96,100]
 M: 100

-problem: 43
 correct_answer: 33392
 y: [0,10,18,0,6,12,6,10,12,0,3,18,24,0,0,1,5,13,0,0,25,0,0,0,0,27,0,23,26,14,0,3,0,21,8,5,24,9,0,9,33,0,4,20,33,32,4,5,0,22,29,15,12,15,8,38,25,39,12,8,35,40,32,13,41,5,18,27,29,21,24,34,18,33,23,42,10,38,22,38,42,35,36,9,47,10,8,36,18,49,33,41,47,37,16,28,30,39,39,22,13,22,16,35,35,17,41,19,16,48,48,20,45,31,32,39,57,32,35,34,32,60,40,49,29,38,61,60,34,56,50,26,59,33,27,46,51,64,32,56,30,33,67,48,53,51,47,47,56,49,60,63,56,69,62,54,68,61,36,37,50,37,39,67,63,42,61,52,59,74,66,43,73,48,52,67,78,49,47,53,46,74,60,76,63,44,62,43,44,57,83,74,66,61,64,78,83,73,58,76,82,53,61,79,52,51,79,57,73,54,83,52,64,63,51,54,73,62,90,63,70,86,82,65,57,80,72,58,81,60,64,86,70,60,84,71,79,79,60,92,62,99,93,87,98,85,100,88,86,64,97,65,77,72,85,86,90,96,100,67,78,70,100,75,100,85,70,95,89,73,100,89,100,100,95,75,84,93,99,80,91,98,100,100,100,100,90,100,100,98,100,100,100,100,100,100,90,94,93,100]
 M: 100

-problem: 44
 correct_answer: 30603
 y: [0,1,1,2,14,15,9,12,3,6,0,2,22,3,0,16,8,9,0,18,0,13,9,18,26,0,1,0,0,0,0,1,27,0,22,26,22,28,5,13,0,20,0,12,10,7,19,11,3,7,7,32,2,18,22,32,33,31,5,5,22,23,0,30,40,32,16,6,12,39,39,11,9,5,8,40,35,34,13,10,29,17,19,41,47,25,26,47,41,25,32,45,29,36,29,36,34,15,18,13,27,31,28,34,52,44,50,18,30,22,34,38,33,39,40,29,53,57,22,57,43,28,44,55,56,41,31,59,50,46,48,39,37,55,29,48,42,57,61,26,47,32,56,41,35,50,28,36,44,30,34,31,37,69,60,51,66,41,37,48,59,67,51,66,61,53,58,44,53,55,46,70,72,58,55,47,61,58,73,43,76,53,77,63,58,79,79,67,51,73,82,70,64,72,45,77,49,82,79,46,54,73,80,55,56,75,72,83,87,59,78,79,85,87,83,58,82,77,55,87,85,84,82,92,89,82,57,86,85,92,90,94,97,80,86,68,94,79,87,95,71,80,61,98,97,88,89,94,100,89,96,78,82,85,100,68,99,89,66,100,91,74,96,89,100,80,100,99,70,83,100,100,82,89,100,100,100,91,97,98,81,100,92,95,100,77,76,100,100,78,100,100,100,83,100,100,78,92,98,84]
 M: 100

-problem: 45
 correct_answer: 32035
 y: [0,4,0,16,0,0,1,0,0,4,4,0,17,1,0,20,0,13,0,0,2,0,12,21,4,20,2,0,18,0,19,16,27,0,14,17,3,28,27,26,0,0,32,3,32,6,20,31,7,2,27,16,3,2,14,7,17,34,37,21,10,38,11,5,17,21,18,2,34,13,37,24,32,28,14,25,34,5,20,30,34,35,31,9,16,39,44,9,15,35,15,22,10,49,11,25,48,37,33,17,47,46,48,42,15,31,43,18,20,35,44,27,43,33,30,23,50,20,58,20,32,21,21,61,28,35,36,51,47,28,45,41,29,27,47,37,35,37,54,40,37,35,45,60,68,55,45,55,51,56,51,48,34,57,60,66,32,62,37,53,39,67,44,68,39,46,38,48,69,75,67,75,63,67,77,64,54,62,62,48,65,48,52,69,70,52,49,48,50,49,53,72,51,78,53,50,46,67,61,49,80,72,47,47,80,82,66,72,65,67,71,68,72,74,79,73,76,86,81,75,67,85,90,59,54,59,58,64,92,93,79,68,57,75,82,64,70,78,73,92,92,95,76,83,78,61,98,80,87,78,97,67,100,97,95,70,87,66,66,68,94,88,100,74,93,100,92,71,69,92,99,93,100,83,90,100,87,94,75,95,100,88,74,77,86,100,86,89,96,90,100,92,77,100,100,84,84,87,100,82]
 M: 100

-problem: 46
 correct_answer: 32342
 y: [0,0,17,12,18,0,0,12,21,18,0,20,2,0,22,0,0,3,0,22,6,0,6,15,22,4,15,0,0,2,14,0,22,20,26,0,0,23,0,8,0,4,23,5,12,34,30,15,0,15,8,1,15,1,35,0,26,35,1,29,12,37,40,10,6,38,40,39,29,25,15,20,23,37,15,45,41,39,44,25,20,16,19,14,22,23,8,41,11,16,14,22,45,39,35,48,34,46,38,15,26,24,27,21,17,33,39,32,46,44,51,22,21,32,57,44,21,41,26,23,59,51,58,25,55,33,57,49,39,40,28,33,27,63,56,59,47,34,30,49,33,44,34,48,64,38,61,58,66,49,37,34,63,58,35,50,57,55,64,35,40,50,64,55,51,58,70,56,47,62,70,75,50,72,66,43,76,50,51,60,69,56,69,42,41,64,70,74,81,67,45,45,57,48,74,81,75,58,80,71,52,65,84,64,50,58,64,62,53,63,69,65,65,73,60,54,61,55,54,64,56,87,74,87,83,92,74,55,66,75,62,60,77,63,76,81,94,81,67,75,60,63,78,73,91,81,99,100,99,65,73,85,71,85,91,74,82,72,76,83,91,87,93,88,69,94,87,91,96,100,84,100,71,100,92,98,100,94,100,100,89,85,80,91,74,100,100,79,82,100,100,91,100,100,88,100,100,82,89,98]
 M: 100

-problem: 47
 correct_answer: 32444
 y: [0,9,0,0,10,0,0,12,0,9,19,1,0,0,0,8,0,0,26,16,0,23,0,22,0,1,24,6,12,17,0,26,17,0,27,21,28,7,5,12,25,0,33,22,13,3,0,7,26,4,33,34,24,0,13,25,11,7,33,18,37,28,15,4,24,31,29,8,32,22,21,5,41,36,26,15,23,31,6,45,14,30,21,45,39,14,20,34,27,30,26,33,45,45,20,33,32,15,17,34,25,43,17,27,39,40,51,53,45,25,21,30,23,46,38,35,50,28,36,26,37,42,59,60,34,25,58,48,22,63,32,36,50,31,37,27,65,29,57,36,59,45,60,36,50,38,44,33,58,67,45,39,51,58,33,50,57,34,68,57,38,35,39,64,37,38,38,58,41,48,58,46,41,73,66,74,50,67,47,61,76,61,41,67,49,74,58,68,71,54,43,60,47,70,50,48,81,72,59,47,67,54,81,82,78,82,57,59,77,62,68,80,90,58,80,78,85,78,68,88,70,83,56,68,76,71,89,76,92,60,78,79,75,73,96,91,74,98,63,90,98,62,75,100,93,62,85,68,74,95,65,69,100,69,75,97,75,73,69,75,100,74,78,74,92,100,87,83,84,85,93,100,91,100,97,79,99,72,91,84,94,98,74,100,83,80,100,100,100,77,100,93,100,100,95,100,100,100,100,99]
 M: 100

-problem: 48
 correct_answer: 33543
 y: [4,0,0,0,9,0,0,2,6,0,13,14,0,15,0,0,1,22,24,0,3,21,17,0,0,21,16,21,13,28,12,5,12,0,3,14,2,13,15,0,1,29,26,10,28,35,26,23,29,36,0,11,1,2,37,36,25,5,3,1,13,34,27,19,4,21,30,6,18,32,3,9,35,9,29,30,30,18,42,23,32,45,19,22,42,23,18,14,22,45,14,28,47,35,28,21,20,23,50,19,21,40,39,16,18,42,54,19,48,51,17,29,25,43,29,55,24,22,46,21,49,40,31,50,53,55,62,57,48,47,35,26,48,32,58,31,58,50,46,34,37,47,33,43,38,63,62,34,64,62,68,41,51,62,33,45,51,38,66,71,40,39,61,62,51,45,50,44,55,67,66,40,41,53,47,78,73,66,46,43,41,65,63,70,59,80,79,76,52,46,48,75,66,63,55,58,56,82,81,47,77,49,54,55,87,68,70,65,86,80,72,59,86,79,80,65,69,77,57,83,61,73,81,59,90,63,80,91,77,59,88,69,89,77,98,86,65,96,67,79,88,86,66,66,88,88,89,76,98,67,65,81,100,100,92,70,93,84,84,67,92,80,100,100,90,100,100,76,98,100,100,95,73,94,98,98,100,92,74,99,87,98,94,93,100,98,77,92,84,100,78,83,100,82,100,85,87,100,100,100]
 M: 100

-problem: 49
 correct_answer: 32448
 y: [0,1,0,0,7,0,0,0,13,20,0,0,9,0,7,21,0,0,4,0,16,26,6,0,0,0,14,28,4,24,4,0,26,21,2,10,8,28,14,33,9,4,0,23,10,33,28,0,29,34,13,10,32,0,11,0,18,19,33,24,23,8,24,20,20,15,4,39,5,28,37,26,5,31,19,22,24,14,30,21,6,15,21,44,30,45,47,47,29,44,42,38,36,11,21,22,30,50,43,16,30,47,43,31,14,15,37,31,46,29,46,35,52,42,22,47,44,52,58,25,45,27,22,51,35,44,62,39,31,27,30,28,36,48,36,33,63,63,52,55,63,56,50,39,57,53,32,38,66,32,43,46,42,33,34,46,71,55,37,62,70,58,43,39,54,75,40,37,69,67,72,43,38,56,53,76,58,58,51,44,41,51,49,68,80,64,65,69,58,77,53,68,76,60,55,46,50,65,48,73,67,68,58,70,51,62,68,80,60,79,63,54,60,72,83,78,55,74,64,79,87,82,82,55,66,79,95,93,80,65,57,77,68,93,97,73,84,97,59,79,71,73,77,81,69,71,78,78,90,70,86,96,78,87,97,100,86,91,100,70,68,90,100,100,100,71,100,70,100,89,81,100,97,75,74,97,79,83,77,77,100,76,100,93,82,98,91,100,100,78,82,97,100,89,96,100,80,100,100,100]
 M: 100

-problem: 50
 correct_answer: 33399
 y: [18,20,0,13,11,14,18,21,0,0,0,0,0,19,16,0,1,14,12,0,23,1,15,1,0,0,0,12,0,2,17,18,23,28,0,20,31,6,0,23,16,0,20,25,34,28,0,28,25,7,22,16,0,30,34,31,28,6,3,10,38,7,25,23,20,19,13,31,24,28,26,8,33,22,5,29,21,37,31,10,11,9,34,27,13,47,39,9,31,37,42,14,42,30,47,31,50,24,18,19,44,34,49,26,39,29,15,21,54,29,24,27,43,30,18,25,48,33,59,22,49,59,52,27,44,44,24,26,29,61,59,49,57,26,25,30,39,27,27,60,56,50,55,41,43,47,66,38,58,36,66,53,67,61,37,71,33,62,44,64,55,69,65,54,60,61,37,57,47,61,49,77,77,41,39,40,55,62,66,50,42,53,78,70,57,64,60,66,57,50,64,45,44,44,53,67,47,82,78,72,83,79,65,72,83,65,64,61,59,61,80,75,63,76,73,70,69,90,52,87,87,70,62,81,77,88,57,83,66,77,58,92,78,62,92,91,68,74,68,62,100,62,76,64,81,70,72,64,68,66,100,75,95,79,90,75,99,73,78,100,84,100,89,95,74,68,96,100,96,82,80,83,93,98,100,100,72,100,84,84,87,84,79,92,100,85,91,80,100,100,88,87,84,100,100,100,100,100,80,100]
 M: 100

-problem: 51
 correct_answer: 30191
 y: [18,13,3,4,11,1,14,12,0,19,0,20,17,0,13,0,2,0,0,6,17,0,3,14,23,0,22,22,13,1,7,0,18,15,0,10,6,22,15,8,32,0,29,21,0,6,0,4,18,13,25,6,24,14,20,21,5,6,2,39,39,30,33,15,13,10,38,41,34,28,17,43,17,35,23,15,8,34,33,15,29,18,37,10,46,28,15,30,14,19,30,37,13,45,15,43,27,17,34,52,43,13,54,33,18,30,50,27,51,21,22,38,27,45,37,31,57,35,58,22,54,28,21,55,60,41,29,47,35,40,57,39,43,48,43,60,37,39,31,47,64,51,27,57,40,48,51,63,61,45,52,66,64,65,42,45,35,45,62,70,38,37,60,49,68,70,61,47,52,71,76,73,74,45,52,56,61,57,71,42,73,60,43,51,60,62,56,78,65,78,59,62,61,59,60,55,83,55,76,79,55,70,62,56,63,63,53,65,65,89,62,68,83,55,63,88,84,58,72,65,71,80,69,88,65,79,88,84,91,86,75,83,82,69,65,72,63,80,65,73,69,100,84,66,63,68,80,91,89,65,67,79,78,71,90,95,77,77,94,83,82,100,100,69,78,68,70,91,96,92,100,99,100,73,73,84,89,100,99,100,92,100,100,89,87,100,78,93,84,85,100,96,87,100,83,92,84,100,100,94]
 M: 100

-problem: 52
 correct_answer: 31280
 y: [4,14,0,0,9,0,0,22,0,12,0,2,3,4,12,0,0,20,24,0,6,0,4,13,4,19,12,16,26,0,18,23,0,24,20,5,11,10,0,14,26,31,19,25,30,13,10,18,33,27,6,11,12,5,20,11,29,0,31,27,15,18,20,12,20,7,25,17,33,32,20,22,21,5,36,39,20,29,24,22,6,7,23,30,28,19,33,49,45,45,27,17,20,19,15,44,22,35,52,23,31,22,31,54,36,17,46,21,22,44,52,52,30,52,24,35,33,26,29,41,34,55,30,52,58,22,43,34,43,24,49,57,44,36,29,56,26,41,51,54,59,39,34,58,61,62,61,41,41,68,63,34,37,53,62,51,68,60,54,47,52,71,47,74,38,38,52,61,51,70,72,58,39,44,39,54,69,45,45,66,73,68,53,43,41,72,52,81,79,76,43,64,64,72,47,81,65,54,70,46,65,61,86,51,56,76,55,72,64,69,54,86,63,58,66,82,64,92,56,82,63,61,56,74,57,65,60,66,74,59,64,75,93,73,95,59,90,89,95,78,86,77,72,65,74,74,78,69,90,67,78,90,81,100,65,97,96,97,67,67,91,100,94,92,84,96,100,78,85,84,78,85,100,90,84,100,100,85,72,100,84,82,96,78,78,89,100,100,100,100,87,79,99,78,100,100,99,95,100,87]
 M: 100

-problem: 53
 correct_answer: 32447
 y: [0,0,0,15,0,0,0,18,2,0,0,11,22,0,7,5,7,6,5,23,26,25,0,13,0,21,0,17,18,0,29,21,0,13,6,24,18,31,5,15,0,27,3,11,25,19,1,12,13,29,5,17,23,21,0,27,17,19,19,33,36,0,5,36,10,39,9,16,18,15,33,11,34,20,16,5,14,34,24,43,29,25,17,10,12,25,35,20,13,18,45,16,31,26,19,42,17,33,51,33,25,53,27,21,45,45,15,30,26,21,41,30,30,46,31,51,33,43,27,42,55,28,21,41,31,48,39,36,60,46,39,35,44,40,39,56,28,52,46,61,60,41,62,58,46,59,52,58,34,41,35,61,61,53,38,70,59,58,56,63,62,53,71,65,43,35,65,63,38,36,64,77,38,42,41,48,42,68,61,59,69,79,75,62,49,77,80,79,81,56,51,80,45,57,44,50,52,64,81,48,53,69,78,63,84,84,57,76,77,62,90,75,85,75,78,91,92,70,85,53,73,57,80,58,63,66,60,95,87,58,89,96,94,65,93,75,95,76,83,81,76,62,73,81,93,80,95,89,95,77,87,69,100,64,100,92,67,76,87,92,86,78,70,83,70,82,70,100,98,95,100,95,73,100,100,72,97,100,100,90,82,100,98,100,100,80,89,100,100,83,100,100,87,93,81,100,94,93,100,98]
 M: 100

-problem: 54
 correct_answer: 34128
 y: [0,6,0,11,6,9,6,0,13,0,0,9,1,19,13,0,0,0,3,6,0,13,0,18,21,0,0,28,10,22,30,16,28,30,15,2,5,1,27,17,0,7,17,3,10,27,34,27,2,7,19,12,27,23,5,18,8,16,8,26,13,40,33,24,6,21,31,13,4,14,39,10,42,37,28,15,41,25,9,22,30,47,9,18,45,10,39,42,15,12,27,25,13,33,45,44,34,49,47,20,29,22,33,41,51,17,16,34,37,52,22,49,39,40,49,29,19,35,56,29,48,52,26,34,37,59,44,56,23,46,36,50,43,61,34,33,29,57,48,49,58,44,67,36,39,50,40,33,39,29,41,38,60,59,33,31,42,61,44,73,70,60,54,45,48,67,62,64,67,68,38,64,70,40,64,59,70,42,57,70,57,57,80,44,50,43,79,52,74,63,76,47,79,78,72,66,80,83,48,55,65,73,76,63,62,82,53,70,58,88,88,52,65,78,56,85,68,86,87,66,66,66,71,88,90,93,86,68,83,92,94,82,79,69,79,95,67,75,95,92,93,63,61,63,100,92,70,68,69,77,68,100,96,64,86,100,100,84,80,68,66,92,67,71,99,78,73,77,100,92,90,100,80,96,77,94,96,99,97,89,89,80,78,100,89,100,89,98,95,100,84,79,100,89,89,80,100,100,92,81]
 M: 100

-problem: 55
 correct_answer: 29075
 y: [14,19,0,4,0,0,0,0,10,0,14,21,6,16,0,19,8,0,9,24,11,9,22,27,0,11,6,22,17,0,23,22,12,29,0,28,27,22,6,17,32,22,34,31,17,16,30,9,24,10,21,17,11,10,0,0,30,10,12,14,28,15,27,31,20,33,40,5,41,5,15,29,29,20,40,40,27,24,45,38,22,21,33,28,23,19,15,35,10,34,15,30,29,48,25,36,29,41,22,40,36,33,20,37,34,24,34,55,41,37,55,53,18,35,28,33,34,57,45,58,47,28,46,33,32,47,25,43,60,58,58,32,47,47,40,29,47,38,61,53,43,48,29,29,46,51,41,32,45,68,55,53,59,41,39,50,69,44,41,64,41,73,48,57,63,55,68,69,40,70,48,39,42,57,44,57,71,73,73,48,64,79,79,44,45,43,62,67,68,63,76,49,77,63,60,67,60,68,75,82,61,62,61,60,82,68,52,87,51,59,69,87,62,82,81,77,62,86,58,70,86,87,80,85,64,63,66,65,83,88,92,74,78,72,61,77,81,91,90,81,76,86,98,83,64,77,74,79,99,95,65,75,78,100,87,98,70,75,83,72,96,100,82,100,99,92,69,100,100,80,78,100,96,89,100,94,100,88,73,84,100,89,100,87,80,100,100,100,82,100,100,100,97,82,86,89,81,96,100,100]
 M: 100

-problem: 56
 correct_answer: 32116
 y: [15,0,0,10,4,0,0,1,0,7,3,12,23,0,1,0,9,10,6,0,0,17,13,15,0,0,14,0,13,27,24,17,10,19,28,0,11,15,0,26,32,0,4,22,18,16,9,12,9,30,15,29,3,37,25,27,16,9,30,31,4,30,6,30,20,35,36,10,19,25,16,3,7,26,43,11,37,37,14,46,7,44,27,20,45,40,13,28,9,38,28,23,16,33,38,31,22,20,35,32,43,51,53,50,29,49,25,41,54,45,50,53,19,43,51,20,45,21,58,47,25,57,21,21,45,35,41,51,35,62,42,49,54,64,44,36,28,64,46,62,61,30,58,36,31,41,47,44,43,30,66,47,37,67,62,44,48,64,37,35,63,73,67,66,47,48,62,57,61,65,39,44,69,63,75,64,64,72,78,39,69,54,43,73,75,61,51,49,77,80,74,72,69,69,63,77,57,67,70,65,60,87,50,74,71,65,49,69,89,68,87,83,67,77,65,79,86,90,88,93,91,76,57,75,61,67,75,78,87,72,91,61,84,61,61,68,81,81,84,88,70,68,92,75,97,86,73,97,82,80,64,100,100,84,77,76,69,91,72,82,74,70,91,90,95,73,74,90,80,92,100,100,97,100,82,83,100,100,80,92,81,100,88,93,100,76,100,76,80,100,100,100,88,100,100,100,100,80,81,100]
 M: 100

-problem: 57
 correct_answer: 31901
 y: [12,8,0,0,20,0,0,15,17,0,13,16,15,0,10,3,22,1,0,0,7,11,14,18,7,13,16,12,18,13,22,0,27,24,19,20,24,4,20,28,12,8,16,23,18,16,29,21,25,0,18,0,0,35,24,13,31,33,14,8,25,25,0,1,26,30,10,3,15,31,19,5,8,13,12,36,41,22,39,18,28,29,15,10,37,9,21,43,21,43,41,50,17,28,30,47,29,46,39,37,21,49,14,42,49,25,29,19,47,39,55,36,43,50,31,51,35,31,52,31,22,33,22,41,46,49,60,55,31,38,49,52,64,55,25,56,48,49,46,50,34,62,45,48,59,60,38,38,42,29,31,50,35,32,42,45,68,65,70,54,41,70,73,69,51,64,54,39,73,76,39,77,75,45,56,74,66,54,69,44,63,72,77,49,60,66,81,47,82,49,79,53,74,44,65,74,79,74,55,77,64,56,51,49,57,71,54,73,59,83,70,89,87,63,62,57,63,87,60,80,65,73,87,88,61,85,91,56,74,67,88,77,69,68,70,73,59,67,90,64,97,76,86,77,97,99,62,88,92,63,64,76,83,66,70,100,99,77,99,89,99,97,97,78,100,95,99,84,75,75,73,85,100,100,100,80,93,87,90,86,100,100,100,100,79,100,81,100,97,100,93,97,92,100,93,97,86,100,80,100]
 M: 100

-problem: 58
 correct_answer: 30316
 y: [14,0,17,2,0,16,9,7,0,23,0,0,0,12,3,1,10,5,2,8,8,0,14,15,0,12,3,17,0,23,8,5,0,24,24,20,6,23,27,32,1,0,0,21,7,14,16,0,32,0,5,5,19,0,29,33,4,3,37,8,9,2,33,37,39,34,10,39,28,36,30,18,40,12,10,31,20,38,44,45,7,25,35,30,10,44,30,37,22,9,29,20,13,14,37,22,19,52,20,50,22,39,20,51,35,38,28,32,45,49,28,22,39,39,36,37,56,24,40,42,58,51,20,54,36,43,39,37,51,51,42,56,56,47,28,36,34,41,31,35,55,50,56,45,28,59,29,64,43,43,67,48,43,57,63,48,53,59,53,51,56,71,39,52,70,56,50,60,56,37,55,51,61,45,64,43,67,49,59,61,57,72,76,72,45,79,50,66,69,75,59,44,82,75,73,85,76,67,49,64,86,51,70,82,71,59,85,89,62,73,74,75,73,54,54,64,77,59,54,80,82,93,86,76,87,56,77,88,63,67,69,76,75,74,59,88,98,86,94,66,83,79,78,90,97,81,80,73,65,77,70,70,100,90,66,100,70,92,92,81,83,95,100,93,100,77,95,91,87,81,72,97,85,100,97,75,91,79,100,88,79,77,90,94,97,82,75,97,98,100,100,93,100,100,100,97,100,100,96,82]
 M: 100

-problem: 59
 correct_answer: 30523
 y: [14,5,0,14,0,3,18,7,0,9,11,0,0,12,21,0,4,9,0,10,6,0,0,12,27,16,0,2,6,6,9,1,11,0,28,19,0,9,25,7,33,15,12,26,6,24,29,0,17,0,6,0,29,9,0,10,0,3,10,0,20,33,24,5,22,11,18,20,37,28,28,29,43,5,8,6,23,39,40,36,40,10,21,40,23,15,14,17,45,44,10,18,34,44,48,44,20,14,17,22,34,19,25,26,26,38,16,23,55,37,36,25,28,26,58,46,49,22,38,45,24,41,56,32,21,56,39,33,31,56,37,55,54,60,57,26,34,26,39,64,66,51,27,46,37,54,36,32,67,59,31,47,47,63,48,46,55,72,53,57,60,51,54,69,68,75,38,35,37,60,50,41,49,76,70,58,52,69,51,76,73,79,47,73,70,55,78,81,71,78,65,47,62,57,68,64,52,50,70,64,60,62,63,69,85,84,83,85,79,81,73,83,89,89,75,66,85,74,73,74,65,84,55,92,85,89,69,66,61,71,81,79,85,58,61,68,75,61,91,73,80,76,69,75,86,99,65,78,65,71,83,80,82,84,86,72,84,73,85,68,95,88,71,94,75,100,96,98,82,91,94,83,84,77,76,87,100,100,85,94,77,86,100,87,99,100,100,83,100,85,100,90,100,100,100,85,100,82,86,97]
 M: 100

-problem: 60
 correct_answer: 31753
 y: [19,0,0,10,0,0,0,6,0,18,7,11,13,11,0,0,2,0,0,0,0,13,0,0,9,5,1,7,0,14,23,23,2,5,3,31,30,6,14,0,12,11,2,33,8,1,28,22,36,13,11,35,3,5,34,2,3,3,29,8,34,28,22,5,8,36,41,14,34,31,10,31,43,34,11,44,28,24,20,42,24,21,18,39,28,39,15,28,28,9,17,25,11,30,50,13,51,28,49,15,45,30,49,21,22,40,39,38,56,51,32,42,29,53,27,39,39,45,53,23,56,52,44,43,34,36,48,22,31,56,25,55,47,42,51,57,53,54,59,58,29,66,61,49,34,55,49,65,34,59,66,55,65,71,36,48,50,56,68,37,67,73,64,64,36,63,63,42,68,65,44,50,65,61,50,42,45,59,70,42,55,67,41,49,81,58,67,66,77,70,66,44,83,80,47,73,62,47,85,61,51,64,72,55,74,57,85,55,83,59,89,64,77,79,87,54,74,62,76,81,79,86,89,89,68,79,83,86,78,65,96,76,79,66,61,63,80,60,71,95,85,93,62,95,85,90,88,100,97,98,98,74,83,85,100,92,87,94,83,97,95,80,100,80,90,100,100,86,69,100,100,73,78,100,84,94,100,100,97,78,80,100,85,100,100,100,100,91,98,86,100,83,100,89,100,100,95,100,92,100]
 M: 100

-problem: 61
 correct_answer: 27372
 y: [14,0,18,1,6,21,0,0,9,19,6,0,12,0,3,0,0,23,22,0,0,19,0,0,0,18,16,14,4,24,14,12,0,0,21,20,0,0,0,10,7,8,30,14,14,28,9,22,6,3,16,0,16,12,23,29,29,22,0,15,33,30,7,13,26,18,6,25,14,36,20,29,32,40,30,10,6,24,30,34,16,36,20,35,17,32,18,9,25,11,18,45,13,30,25,20,29,17,50,23,27,27,41,32,46,55,50,52,55,52,17,31,47,53,28,37,51,40,57,43,34,37,36,57,52,22,42,35,61,40,37,46,49,26,25,34,53,32,40,33,33,65,58,64,34,36,64,69,58,53,46,45,41,63,63,61,53,65,49,48,57,35,63,74,42,50,51,70,60,64,39,63,55,72,71,56,64,46,57,67,76,47,72,42,48,47,47,75,60,76,50,80,51,80,56,82,83,81,77,85,73,52,70,67,80,79,87,82,68,73,79,78,89,87,87,91,79,80,84,59,79,83,78,77,81,93,71,68,91,86,78,74,61,78,79,77,77,79,70,92,78,99,74,100,73,97,88,67,92,91,79,97,76,82,90,65,90,78,99,88,96,71,86,84,100,100,70,99,98,90,84,89,89,100,84,88,88,93,100,80,100,74,100,81,98,100,100,100,90,86,100,81,100,99,100,100,93,100,83,100]
 M: 100

-problem: 62
 correct_answer: 30686
 y: [0,8,0,12,12,21,5,0,2,16,19,9,0,0,0,25,16,0,0,12,0,27,0,12,23,10,2,1,0,27,0,22,6,31,4,12,2,22,21,30,19,32,30,5,14,15,21,34,17,22,25,32,37,15,7,13,0,25,29,38,27,32,27,6,18,31,42,26,41,25,23,24,29,22,37,34,31,28,8,36,20,40,10,13,35,31,39,33,42,36,26,40,50,17,19,18,13,38,36,34,43,49,27,31,16,46,32,25,26,28,51,54,42,22,34,46,56,42,54,31,54,35,60,58,30,32,25,25,25,41,57,25,35,48,31,35,39,37,51,35,47,54,36,67,51,60,64,62,59,43,40,54,53,41,43,62,52,63,56,43,67,38,51,66,35,39,53,51,63,46,70,54,54,54,52,51,72,51,59,69,58,66,54,70,57,48,79,56,72,82,72,44,59,57,55,45,51,70,86,59,51,75,65,69,60,52,84,60,83,79,89,90,88,69,62,58,81,58,91,74,66,74,79,86,92,95,70,69,64,96,56,81,91,92,97,66,75,62,69,75,82,91,77,88,63,85,63,99,69,78,91,65,77,66,83,91,100,85,91,77,87,100,67,93,100,100,89,100,71,77,80,70,88,86,96,98,100,100,83,90,84,86,77,100,100,79,75,100,91,100,92,82,82,93,92,100,100,100,100,100]
 M: 100

-problem: 63
 correct_answer: 30708
 y: [6,0,2,4,0,0,0,0,4,10,18,0,4,0,15,20,0,15,0,14,0,1,27,3,22,22,23,19,8,11,16,4,8,16,16,0,14,18,6,6,27,17,10,28,3,28,32,8,18,16,0,8,17,31,9,3,10,33,10,3,31,22,0,37,13,40,22,25,38,13,38,24,26,6,20,37,40,19,35,31,11,13,41,31,15,17,34,25,46,35,27,13,26,36,36,34,21,51,43,42,27,29,36,53,29,55,31,33,46,28,48,55,33,51,36,34,37,31,50,54,35,56,54,55,44,24,54,49,52,28,54,31,27,46,25,49,56,36,54,47,60,27,46,58,32,62,54,57,42,34,48,58,31,68,32,39,62,40,57,47,46,69,58,41,57,60,74,35,55,52,57,66,75,53,41,69,43,60,75,53,77,64,50,69,74,62,72,77,72,75,78,82,61,58,49,74,83,47,49,81,73,63,64,87,65,57,81,76,64,72,76,79,86,74,68,69,57,84,64,90,64,78,73,83,77,89,65,91,71,96,67,62,94,84,89,63,78,81,72,99,100,61,82,78,91,99,99,87,100,95,65,76,83,83,96,68,71,93,86,67,100,68,93,95,90,89,94,77,69,100,78,86,95,100,96,87,94,72,100,75,91,100,74,82,82,100,92,100,96,97,100,82,100,90,100,97,90,86,81,90]
 M: 100

-problem: 64
 correct_answer: 31337
 y: [13,14,0,13,0,0,0,10,0,0,16,0,0,2,1,15,23,0,19,0,0,0,0,26,22,19,13,5,25,21,0,22,26,11,28,21,11,5,31,0,1,0,14,16,4,0,13,32,5,26,11,7,0,34,21,22,29,19,6,13,20,34,21,15,13,19,8,9,34,30,36,22,40,12,17,10,21,13,22,10,12,27,39,8,25,38,42,27,42,40,39,38,44,11,26,42,44,25,22,19,24,34,27,32,31,35,43,37,44,23,21,44,39,52,20,58,29,47,57,50,55,21,58,23,56,33,39,49,40,26,53,62,50,28,46,31,47,48,66,27,51,31,27,40,51,62,38,54,58,57,68,69,35,50,63,53,40,34,57,36,42,37,40,66,60,64,61,35,75,37,39,59,38,76,63,73,77,57,73,51,43,46,74,72,50,61,53,74,60,80,52,68,52,61,61,84,84,47,63,61,49,72,59,74,58,75,54,63,61,71,53,78,88,76,72,69,81,65,56,79,61,85,64,55,88,68,69,90,71,59,76,72,65,89,67,92,89,73,86,89,90,95,90,79,80,72,87,98,92,80,91,85,66,100,77,74,78,81,66,90,93,84,73,70,100,86,97,69,100,69,100,85,94,84,88,84,100,91,83,100,100,100,74,81,100,77,100,94,100,86,100,100,97,100,90,88,100,100,91,98]
 M: 100

-problem: 65
 correct_answer: 32388
 y: [20,16,5,18,15,0,19,0,19,0,0,0,7,0,0,3,8,3,8,0,16,11,0,12,25,10,0,0,3,0,0,28,13,21,25,22,5,13,17,0,9,0,20,26,29,7,0,9,10,12,9,21,23,37,11,2,21,7,32,22,36,4,6,2,20,18,38,13,40,40,13,4,16,19,39,32,19,7,26,6,29,35,41,34,48,47,24,49,37,33,10,15,13,28,33,31,24,49,27,27,36,21,27,23,40,46,37,32,53,22,22,33,28,26,56,46,37,54,24,28,42,21,21,24,39,54,57,60,42,53,56,60,58,31,44,34,39,33,38,29,46,33,29,35,58,52,47,53,36,52,44,52,61,61,48,63,69,66,46,44,50,47,49,64,56,74,54,69,57,36,69,62,42,76,39,66,73,54,63,70,57,64,47,69,56,42,74,75,62,60,50,64,56,70,48,48,53,78,52,84,60,76,55,77,68,64,51,85,66,83,55,80,75,53,53,91,53,79,53,64,84,79,54,65,62,90,67,84,73,93,66,88,80,73,91,98,61,64,85,78,70,96,75,95,96,75,62,69,91,92,94,69,97,79,89,84,89,68,100,100,71,75,100,94,80,100,100,75,92,85,80,99,100,83,99,100,72,100,79,99,100,88,86,100,100,100,76,90,87,89,94,100,100,100,94,100,100,82,100,100]
 M: 100

-problem: 66
 correct_answer: 31374
 y: [0,10,0,2,11,8,0,0,0,0,0,10,0,1,0,0,25,19,16,0,0,12,1,0,0,0,10,27,22,0,15,14,15,15,31,7,12,30,19,7,11,31,5,16,22,1,0,15,36,36,0,26,11,10,32,4,32,12,39,0,8,16,37,31,39,7,12,39,13,31,14,38,36,38,23,44,39,21,44,16,16,41,14,17,8,16,37,43,45,19,22,46,21,13,32,34,28,21,27,29,29,29,44,53,37,53,47,26,42,50,28,29,42,24,20,51,48,27,45,27,42,56,59,27,43,60,40,26,44,39,51,25,56,31,44,31,61,48,35,63,66,49,38,58,41,43,38,30,41,42,69,63,47,55,54,69,46,63,72,48,64,42,49,63,44,40,52,64,51,62,54,63,48,40,43,78,78,68,68,78,61,67,77,44,70,70,56,66,77,79,56,46,63,72,82,52,68,73,72,75,63,86,83,61,74,50,83,69,84,75,82,64,57,74,79,67,57,80,66,59,86,85,64,67,60,75,59,64,80,93,64,74,71,83,65,87,62,92,98,89,68,73,80,75,75,92,90,100,66,100,98,69,100,100,76,79,87,98,94,95,82,67,100,81,100,96,100,85,72,92,100,75,74,97,100,93,89,98,90,81,100,78,100,74,100,89,100,93,91,80,83,89,100,100,89,85,94,100,98,100]
 M: 100

-problem: 67
 correct_answer: 36376
 y: [15,1,0,19,10,0,17,2,22,6,23,0,0,13,0,0,18,3,0,0,5,3,6,20,25,16,8,0,8,18,5,0,0,24,26,6,0,28,16,4,26,10,26,30,4,17,0,0,9,16,1,36,24,0,28,11,2,24,33,39,29,14,38,7,24,18,40,6,6,10,21,30,20,13,12,40,40,16,10,31,21,34,10,37,32,8,36,28,48,44,35,17,28,25,15,39,38,45,49,52,36,26,45,18,42,17,16,40,53,16,26,55,24,51,25,30,23,47,58,42,31,39,21,31,61,28,60,61,31,44,38,25,54,47,62,39,30,35,45,45,38,61,51,66,53,28,29,30,40,65,70,44,34,49,67,65,67,46,49,59,47,64,57,73,55,40,43,36,54,41,53,45,67,47,77,73,59,78,40,60,80,54,50,75,68,51,82,54,58,81,82,73,80,44,54,50,61,56,83,64,69,84,85,49,61,81,74,68,85,78,87,69,88,60,74,84,64,55,72,72,71,84,72,71,77,66,60,55,96,95,68,95,78,77,66,65,67,80,64,68,65,90,77,100,93,69,63,100,74,96,93,100,66,82,78,75,85,71,100,89,83,95,87,76,99,100,99,99,85,100,79,98,84,100,93,100,79,100,84,79,78,100,100,82,98,99,90,77,100,100,79,100,83,84,90,100,91,88,100,100]
 M: 100

-problem: 68
 correct_answer: 31576
 y: [15,0,0,20,0,16,15,0,0,0,0,7,0,8,16,7,10,20,0,0,0,8,0,4,0,22,23,22,26,0,2,20,19,6,31,0,3,0,13,25,31,1,5,25,22,27,34,7,11,36,22,25,1,32,34,28,8,8,28,17,23,3,1,20,18,26,11,18,20,23,11,17,11,23,42,22,15,23,43,29,23,44,47,16,27,14,38,46,48,16,35,45,33,19,18,49,41,33,45,31,47,40,37,14,50,26,54,27,49,25,27,50,30,33,56,41,27,55,41,23,25,20,53,21,30,60,31,29,46,63,50,59,54,35,47,34,63,49,58,34,52,50,43,45,41,62,44,60,46,42,64,33,70,67,48,63,59,59,57,46,69,54,65,36,54,65,66,54,42,60,49,48,72,39,67,71,42,55,78,45,47,50,61,47,68,68,57,60,49,56,70,76,76,72,50,77,84,72,85,64,53,63,78,63,74,64,61,89,49,87,65,56,52,75,64,55,58,92,87,61,92,86,54,88,85,58,60,60,61,71,81,71,89,78,75,60,86,85,90,71,90,76,73,74,63,79,64,87,82,64,80,91,67,78,96,70,88,100,100,99,91,77,85,93,71,72,81,86,79,100,73,98,82,88,100,75,100,97,100,91,100,77,89,97,83,100,100,99,100,89,100,95,100,94,95,98,83,97,100,100]
 M: 100

-problem: 69
 correct_answer: 31653
 y: [0,4,0,9,20,19,19,14,0,0,7,0,0,0,0,0,11,0,0,0,19,4,4,25,3,20,0,11,11,0,19,11,16,5,15,16,0,3,16,33,5,18,26,19,7,0,7,35,33,36,0,0,22,28,7,24,35,17,1,28,22,36,6,15,9,2,4,6,33,11,20,21,20,37,31,38,31,43,12,23,17,17,23,18,43,10,30,14,46,22,11,41,20,27,11,46,40,48,51,52,22,36,28,52,26,27,43,30,22,26,24,23,52,27,26,19,40,45,22,47,56,38,21,23,60,57,42,35,41,29,48,53,58,51,54,58,65,63,52,49,37,57,54,28,32,41,37,68,57,62,59,30,42,51,50,46,56,71,55,60,52,41,38,59,50,49,71,57,67,72,53,44,62,57,49,63,53,76,64,77,52,57,53,67,46,63,82,80,62,57,72,73,77,64,57,75,50,49,67,82,81,71,55,87,80,83,75,74,52,70,56,89,68,59,54,72,64,52,77,80,60,62,72,54,58,71,75,72,95,61,79,78,62,75,86,85,64,94,79,99,96,90,79,92,69,90,94,85,64,94,83,97,84,98,95,96,99,100,76,82,96,88,92,74,75,74,100,100,100,72,100,74,90,100,93,100,77,100,73,92,81,85,92,74,91,100,75,83,100,90,100,87,100,100,92,100,82,87,84,98]
 M: 100

-problem: 70
 correct_answer: 29835
 y: [0,9,1,0,0,11,3,7,0,4,10,0,0,0,0,0,0,0,0,0,0,25,13,24,12,17,0,10,23,25,28,21,3,22,12,0,0,21,2,17,23,5,18,3,24,34,11,16,0,12,36,35,18,24,33,0,24,21,36,2,17,40,27,38,25,12,15,41,15,43,11,43,6,35,16,38,10,11,41,31,43,17,37,44,31,23,21,27,39,37,43,35,40,11,22,40,51,41,27,33,44,36,17,37,34,39,38,48,17,24,28,34,55,25,30,31,30,40,49,33,36,31,36,42,54,37,32,37,44,32,49,60,42,53,36,56,53,63,42,46,61,53,47,47,64,32,28,68,54,29,34,45,39,58,53,44,59,34,57,57,57,59,54,58,50,50,56,40,43,72,44,67,76,52,40,75,43,63,51,67,63,69,47,49,54,80,65,56,68,81,63,71,65,55,83,85,61,72,68,81,47,68,69,85,48,74,60,89,61,59,77,89,53,55,66,68,69,68,80,66,78,73,82,72,88,59,71,89,83,93,70,60,85,96,68,86,71,98,59,64,84,64,96,74,100,79,77,63,85,87,78,95,74,78,81,80,69,94,92,90,74,100,73,99,70,95,74,81,100,69,100,75,95,100,96,97,100,93,100,100,82,100,100,90,89,88,82,92,100,80,79,95,100,100,89,100,100,100,100,85]
 M: 100

-problem: 71
 correct_answer: 31222
 y: [0,0,0,0,14,0,18,15,0,13,0,0,0,10,21,14,24,5,25,1,0,19,0,7,0,0,19,12,22,17,22,24,14,0,25,26,10,19,18,28,26,3,29,21,33,35,18,0,27,8,12,31,21,2,18,7,36,6,33,23,36,40,37,12,8,6,28,13,41,38,13,8,36,29,25,11,44,5,16,34,37,39,31,17,20,48,10,35,29,46,15,31,30,36,44,44,50,43,25,16,36,37,20,32,33,49,39,30,54,51,32,21,43,56,39,27,53,25,59,45,26,33,38,24,40,53,58,34,51,29,55,32,33,26,55,45,25,53,30,38,63,35,50,31,45,43,66,41,45,38,47,67,54,59,51,49,40,66,67,36,63,42,40,62,36,56,64,44,36,60,63,55,45,60,41,47,60,45,56,53,41,56,49,61,50,64,52,45,65,47,77,81,70,52,59,56,55,83,73,84,70,49,55,62,51,57,68,57,59,67,82,50,80,62,54,74,72,57,92,75,84,88,93,54,67,67,58,76,57,84,71,86,66,78,68,86,68,67,60,69,81,98,76,79,80,80,81,74,74,100,86,89,81,100,74,75,100,93,88,100,100,78,71,76,88,87,89,100,76,100,100,97,96,83,84,100,77,100,79,78,85,100,100,81,100,96,100,92,100,77,95,79,100,88,79,100,86,92,100,100]
 M: 100

-problem: 72
 correct_answer: 31625
 y: [0,11,1,6,1,0,20,21,0,0,4,3,22,20,0,25,11,0,5,21,20,24,2,7,0,9,6,18,18,0,13,0,11,29,1,0,8,17,12,0,0,0,9,27,0,19,28,4,34,14,0,20,29,5,4,19,29,16,29,31,18,25,8,4,35,26,33,12,34,20,19,18,4,10,15,33,32,31,21,10,15,45,17,9,27,21,37,17,40,41,32,37,27,40,12,48,23,50,23,53,26,32,28,27,52,32,24,51,41,17,40,54,39,23,50,32,24,24,58,33,23,26,49,60,61,45,55,43,54,59,43,61,48,57,26,55,35,49,44,44,29,43,65,59,37,31,61,53,54,41,65,40,47,64,70,63,60,61,70,33,61,57,72,46,71,70,74,57,57,49,52,45,63,45,77,63,38,62,76,56,73,76,55,75,59,46,73,55,51,75,52,62,66,44,54,74,52,76,75,76,47,72,74,48,51,87,87,75,71,58,58,66,66,57,78,90,89,92,69,71,83,66,83,73,67,64,81,74,96,84,81,68,73,76,76,82,76,73,80,85,88,77,72,100,61,79,98,64,76,99,80,89,65,84,100,86,100,97,74,68,73,100,78,100,79,84,100,78,99,85,71,78,98,75,74,100,88,100,98,94,100,77,100,100,98,100,99,100,93,100,82,100,78,100,95,84,92,98,100,100]
 M: 100

-problem: 73
 correct_answer: 29416
 y: [17,0,14,9,6,4,0,3,15,10,19,0,0,0,2,8,0,0,0,2,0,0,0,19,4,26,14,21,25,1,0,28,0,17,17,0,4,26,1,5,4,4,10,11,10,16,17,26,10,10,36,31,35,34,18,20,20,17,7,37,27,11,29,26,38,9,12,29,10,11,32,6,42,21,42,32,41,40,16,14,16,39,31,8,39,17,30,31,42,20,26,31,45,24,46,31,23,24,13,23,45,14,54,51,53,32,21,38,47,44,45,40,18,28,34,30,46,45,27,56,51,26,39,35,21,48,41,29,46,48,57,47,38,30,46,25,35,56,30,31,55,65,53,27,60,68,59,57,62,67,41,52,42,68,44,52,49,46,52,52,56,41,68,36,61,35,54,67,62,51,59,55,49,58,70,66,55,55,41,60,70,74,73,57,58,80,73,52,61,80,75,79,69,51,45,57,50,65,86,48,72,77,49,71,80,62,52,85,70,79,58,79,78,77,69,83,76,62,62,83,78,77,94,61,68,88,82,62,75,78,66,79,88,92,59,94,69,70,69,65,65,74,88,94,94,92,62,98,83,81,86,89,72,96,76,81,89,93,100,78,80,91,74,67,88,94,76,100,78,71,70,100,70,100,91,94,100,80,100,100,100,87,100,100,96,76,100,100,93,89,95,96,90,100,100,81,90,90,100,85]
 M: 100

-problem: 74
 correct_answer: 31275
 y: [0,0,0,0,0,0,0,0,15,21,0,0,12,0,24,19,15,0,0,23,3,0,0,3,3,6,12,0,5,18,11,20,17,6,0,15,1,16,19,17,2,0,14,19,16,0,14,16,35,30,10,34,1,2,34,38,29,30,30,22,15,12,7,32,22,31,27,38,27,37,33,39,11,17,31,9,43,44,40,11,42,43,21,34,34,40,44,14,17,10,18,24,47,21,12,14,34,46,23,35,24,53,34,17,39,30,54,51,50,17,24,47,44,31,41,54,32,39,56,36,30,29,57,52,36,56,23,62,46,23,56,55,39,31,49,60,31,37,60,55,65,40,59,32,33,51,61,30,55,53,42,61,66,62,70,34,50,33,41,45,39,37,69,62,45,42,61,47,69,66,68,72,59,56,40,61,51,72,68,69,62,45,43,68,59,78,62,82,66,58,68,62,57,70,77,75,75,49,54,69,78,55,66,71,50,72,64,73,49,80,69,57,65,53,91,57,88,87,58,56,92,72,82,72,77,73,71,90,74,73,56,92,78,86,81,70,59,60,70,77,92,77,82,82,94,86,76,81,77,94,100,92,99,100,97,78,77,76,77,79,80,90,84,80,73,71,68,86,79,95,98,100,98,100,90,82,90,88,89,77,76,78,100,91,96,82,96,98,89,100,93,100,81,80,88,81,78,100,91,100]
 M: 100

-problem: 75
 correct_answer: 27353
 y: [7,0,13,19,4,0,2,22,0,16,0,5,0,0,11,3,9,2,13,6,9,0,0,0,17,20,0,15,0,22,14,21,14,18,20,23,0,10,17,5,9,22,20,30,26,13,14,23,30,2,0,24,12,36,21,0,8,36,38,5,18,22,5,11,15,29,12,35,40,15,7,9,26,36,11,42,36,37,41,9,14,36,11,13,34,10,21,33,43,30,41,42,34,45,26,28,33,32,21,30,43,20,18,44,39,33,30,51,28,29,47,37,19,47,32,45,23,46,57,59,51,26,49,45,37,32,37,35,53,45,60,44,55,57,54,44,50,27,44,50,58,57,60,35,40,39,67,49,51,38,48,41,47,36,59,53,53,63,59,40,51,62,53,58,47,49,35,65,66,53,46,67,47,68,63,71,67,49,47,68,66,74,57,74,79,71,52,53,70,78,44,43,79,59,59,68,65,52,75,53,59,65,47,56,74,81,63,78,69,69,60,54,88,87,52,55,65,57,64,74,87,79,84,94,93,61,82,74,89,79,60,89,96,72,93,70,67,80,84,91,70,76,62,100,83,82,71,85,88,67,100,72,93,75,95,89,78,79,96,100,94,73,81,98,85,96,75,98,97,72,96,97,100,100,85,100,94,100,96,91,100,100,76,100,79,89,97,100,98,87,98,89,92,84,98,100,97,89,100,100]
 M: 100

-problem: 76
 correct_answer: 31805
 y: [0,19,19,9,10,0,0,0,5,16,0,0,0,0,6,19,13,0,20,11,0,0,23,2,4,20,25,25,26,28,10,21,0,29,19,24,13,8,0,16,0,21,34,28,4,5,23,1,34,12,11,9,17,4,5,31,7,12,3,18,2,37,13,38,3,20,28,33,8,35,30,32,20,13,13,7,28,10,44,37,29,45,34,23,47,32,48,41,23,9,48,31,13,11,45,16,44,26,31,42,38,16,18,25,14,18,42,22,44,21,52,31,17,23,22,41,55,46,43,53,47,55,44,34,32,22,41,36,24,43,36,49,58,38,56,34,64,64,38,59,38,37,35,54,61,65,63,69,45,64,68,60,65,49,64,51,32,63,66,73,44,66,56,60,57,40,61,35,38,48,51,54,68,61,54,71,69,44,58,48,55,79,62,51,49,60,72,82,49,68,50,81,65,81,44,70,59,80,64,55,82,80,68,68,62,85,69,88,74,85,64,85,68,79,87,64,62,76,70,86,79,63,56,89,88,60,94,89,56,88,75,80,85,65,88,87,94,77,65,88,63,100,94,91,89,92,92,65,82,73,84,79,83,87,96,70,74,73,100,76,99,94,82,100,83,83,94,82,85,96,83,89,91,83,94,100,81,96,100,85,100,84,82,78,98,78,100,98,100,83,83,94,84,100,100,80,100,100,93,91]
 M: 100

-problem: 77
 correct_answer: 30999
 y: [14,16,10,5,0,11,0,0,0,11,14,21,0,10,0,0,13,8,0,22,0,1,9,0,16,0,9,16,2,29,7,0,0,26,0,0,0,22,12,2,0,10,2,34,4,11,11,31,28,29,0,35,26,12,20,28,11,3,0,14,13,2,4,24,13,33,5,32,17,40,31,6,33,35,5,10,37,32,26,30,35,16,15,41,27,47,45,19,47,48,19,26,50,19,46,37,50,17,43,35,35,37,34,15,24,51,50,53,40,51,54,55,23,28,46,26,54,46,53,45,29,33,41,48,37,28,55,55,39,31,58,38,62,47,55,53,53,51,27,58,56,61,58,31,49,52,30,42,68,39,33,59,59,51,66,57,42,45,68,45,64,51,37,70,73,60,63,51,54,52,49,75,44,72,64,52,71,59,71,72,49,63,45,66,50,58,50,73,45,73,52,59,81,78,76,63,63,82,57,63,74,59,61,75,66,52,74,63,75,89,78,59,83,67,73,63,64,90,53,75,90,59,93,92,77,67,69,79,92,86,75,79,96,84,91,66,58,60,91,97,84,73,76,89,72,62,63,89,76,77,100,75,79,66,97,92,99,73,99,100,90,100,99,90,70,100,100,78,72,100,98,100,94,100,87,84,100,86,90,79,98,97,93,83,100,100,89,96,95,100,81,97,87,100,95,87,99,95,100,98]
 M: 100

-problem: 78
 correct_answer: 35197
 y: [15,8,7,0,3,19,10,4,0,0,16,17,18,3,11,4,18,0,19,20,1,0,23,19,23,22,27,0,19,3,16,0,8,6,13,18,12,3,13,24,32,25,33,21,30,28,1,31,0,30,14,37,7,5,0,32,0,23,16,20,9,36,35,14,23,12,32,37,11,29,12,11,27,6,18,22,10,41,43,40,18,32,40,8,29,15,14,41,32,38,34,32,27,45,38,50,16,50,14,16,53,48,18,46,39,44,36,55,52,41,23,33,21,33,48,28,20,32,40,52,34,47,23,47,54,22,51,24,45,48,27,31,51,56,59,26,29,25,28,28,37,41,63,46,44,39,32,68,61,67,53,41,53,36,44,47,67,44,39,44,33,70,71,63,63,53,68,68,40,68,49,39,64,45,59,78,74,57,68,63,40,40,72,45,62,61,77,44,58,45,45,69,55,70,62,74,85,62,80,68,56,58,49,64,49,49,87,69,51,78,74,70,61,52,61,87,64,76,76,66,79,69,82,87,93,58,69,59,62,93,61,79,58,92,61,92,62,74,93,67,98,88,75,77,73,75,83,92,93,100,100,97,95,76,66,73,73,69,100,100,88,76,68,98,100,88,85,100,100,91,78,100,100,82,80,77,84,100,81,90,83,100,83,95,76,100,100,100,100,100,80,89,100,100,86,100,100,88,100,100]
 M: 100

-problem: 79
 correct_answer: 30655
 y: [0,17,2,19,0,0,0,22,2,6,0,19,5,8,11,14,19,0,0,1,16,25,11,0,26,10,24,0,0,21,5,9,2,15,22,17,4,11,13,0,16,0,31,20,20,27,17,23,10,23,26,36,27,22,7,4,13,6,7,31,40,35,11,28,22,14,42,18,7,39,43,33,8,24,7,8,6,29,28,15,25,32,26,13,24,24,24,24,44,43,27,30,37,40,16,28,23,50,19,26,29,42,32,22,40,52,15,33,43,30,47,28,49,41,37,47,38,24,51,24,50,34,50,53,46,53,38,47,49,31,29,25,41,31,57,34,52,52,27,42,52,62,39,63,44,31,31,60,44,63,39,68,55,63,54,43,43,71,68,43,56,73,69,50,49,46,66,64,51,66,74,67,72,50,78,38,62,53,56,62,50,66,48,74,71,62,64,56,46,79,44,78,67,77,53,60,53,69,71,55,59,83,59,61,76,68,86,61,62,64,81,53,60,73,75,85,60,56,77,68,71,86,86,69,90,63,69,94,67,62,59,68,84,62,98,79,61,69,77,94,86,83,74,62,87,95,79,94,81,63,79,64,68,100,100,89,99,71,70,69,75,95,73,83,88,72,73,74,75,100,76,74,75,81,99,100,100,100,93,93,76,90,78,100,100,100,75,76,100,80,84,90,100,95,100,96,95,83,100,83]
 M: 100

-problem: 80
 correct_answer: 31184
 y: [0,3,17,13,8,1,18,16,4,4,0,0,7,3,0,0,0,0,26,0,24,0,0,22,14,23,16,13,0,0,6,0,17,13,10,0,0,17,6,26,5,33,0,9,33,9,5,27,29,35,35,35,6,20,38,28,29,32,15,35,18,8,38,6,40,27,15,9,17,14,33,8,19,35,17,20,11,24,42,34,34,41,25,25,37,48,41,32,27,28,18,26,39,11,47,47,19,21,35,13,51,19,53,30,23,17,24,48,28,25,36,25,22,29,21,48,19,49,35,31,25,54,32,57,44,48,30,26,42,56,24,52,35,48,33,37,36,29,64,45,26,29,42,29,59,53,66,56,30,43,34,35,44,69,53,47,42,48,40,35,35,57,55,64,61,38,63,48,37,38,41,51,43,45,71,60,65,66,58,72,61,50,57,67,47,75,65,53,67,50,83,52,68,64,56,51,66,62,78,65,65,48,84,57,80,80,70,52,67,59,54,69,61,65,63,91,53,73,77,90,53,56,57,60,81,71,81,84,66,84,87,97,64,65,98,60,82,68,79,64,63,68,95,77,87,77,92,76,87,78,87,70,93,100,83,69,69,98,96,73,98,96,100,76,92,91,72,100,100,89,96,91,100,100,77,100,96,85,74,92,100,86,96,79,100,85,100,100,94,79,77,100,98,91,93,93,79,100,84,82]
 M: 100

-problem: 81
 correct_answer: 33062
 y: [2,0,0,0,9,8,22,0,9,22,9,22,0,2,11,0,0,17,5,21,19,0,12,9,21,4,28,0,14,21,6,24,19,20,0,1,0,2,23,28,21,2,0,16,13,32,15,19,28,3,0,4,11,4,7,24,19,36,22,0,28,7,4,3,30,17,22,3,32,33,22,10,25,14,27,34,43,10,15,44,33,14,13,31,23,43,10,47,33,10,35,10,13,25,40,42,52,29,23,48,26,33,49,49,36,20,32,38,16,53,24,55,22,55,41,45,27,33,40,27,26,20,58,30,35,32,33,58,36,26,37,56,33,52,33,54,36,26,53,49,47,67,30,52,61,29,51,40,56,34,65,65,41,61,33,34,44,61,56,63,64,55,56,67,40,38,35,63,67,39,58,61,69,50,51,41,73,40,41,79,50,43,51,71,78,66,56,43,62,67,77,61,45,82,57,70,60,45,46,55,80,59,73,58,56,70,52,76,83,72,74,69,61,66,77,61,62,62,68,88,56,71,66,72,54,84,73,59,65,67,85,75,61,84,59,90,67,76,74,95,97,97,74,68,88,82,77,72,79,75,75,93,100,96,75,96,100,90,70,82,98,78,100,93,96,73,89,100,100,92,71,75,94,87,76,99,100,100,76,77,82,100,100,92,93,100,94,100,87,92,78,92,100,90,100,78,100,100,85,100]
 M: 100

-problem: 82
 correct_answer: 31884
 y: [5,19,0,10,14,0,0,0,20,15,0,0,10,0,20,14,0,3,0,18,0,17,20,0,0,17,22,0,20,1,7,27,9,27,25,3,5,0,23,18,19,33,0,3,0,7,21,19,15,5,1,9,24,4,21,15,14,6,6,32,35,28,11,13,29,35,11,23,15,38,35,26,15,34,30,40,24,13,37,8,14,43,42,31,14,20,16,43,45,14,11,38,23,23,48,16,31,38,16,45,17,15,15,41,18,50,45,36,55,42,56,45,25,28,48,36,44,22,42,33,44,42,60,55,45,45,57,55,26,24,40,54,46,43,26,30,55,58,60,63,45,58,65,45,57,56,44,56,61,64,56,40,69,61,56,45,66,38,33,41,40,72,39,36,69,45,59,68,65,59,64,50,64,38,60,55,65,40,60,65,68,72,45,63,44,72,44,76,65,51,56,65,47,68,45,84,85,78,68,78,75,80,73,83,50,70,48,56,58,85,65,71,80,87,60,90,83,82,67,80,61,55,68,57,56,86,63,73,83,79,85,83,77,92,84,72,89,73,92,64,94,98,76,89,74,81,100,90,76,93,75,76,64,68,79,87,96,100,97,100,71,99,74,100,92,96,100,96,100,73,72,99,71,98,88,83,82,100,91,100,74,82,83,100,100,95,77,100,92,77,94,100,96,92,100,89,92,100,100,100]
 M: 100

-problem: 83
 correct_answer: 31273
 y: [15,13,0,0,5,14,0,0,0,0,19,0,2,22,0,0,0,0,0,0,0,0,4,24,26,4,0,0,12,10,5,25,2,28,2,30,3,0,22,30,0,13,28,4,28,25,5,0,6,10,27,16,7,0,12,38,10,12,12,29,5,9,8,40,36,26,24,16,23,41,25,20,27,8,12,24,40,16,7,19,8,21,17,8,30,28,37,22,48,44,30,18,42,28,19,47,21,50,24,27,40,34,31,51,28,20,37,36,49,55,50,26,38,17,19,26,26,52,55,21,33,44,39,37,57,38,27,48,50,28,38,62,33,29,40,56,60,33,45,44,53,34,60,51,60,35,60,69,34,56,33,30,32,57,60,58,48,46,45,47,46,63,39,41,39,47,63,44,71,41,52,63,66,55,55,68,74,69,67,53,61,69,67,43,64,71,79,72,69,81,48,83,78,64,48,63,77,59,60,51,47,77,79,82,61,49,63,83,77,57,81,69,69,86,78,89,82,75,88,90,88,87,74,77,74,58,57,78,67,63,87,95,82,71,86,91,92,67,81,69,63,63,67,77,81,79,64,95,63,65,98,70,83,89,88,86,76,100,86,82,86,86,71,100,88,84,76,69,69,100,100,100,78,100,77,78,72,77,95,95,100,85,100,98,100,80,92,90,79,100,94,86,88,100,100,88,100,87,93,99]
 M: 100

-problem: 84
 correct_answer: 30948
 y: [4,15,0,15,0,0,0,17,6,14,2,0,9,15,15,4,0,0,17,0,0,0,0,1,27,2,16,29,19,14,0,6,20,16,23,20,21,0,11,7,31,23,8,0,24,23,22,13,33,1,14,1,13,36,17,9,24,0,23,13,9,13,5,27,8,12,10,3,38,12,24,29,10,43,26,20,29,25,36,39,6,7,20,30,11,42,35,40,30,11,22,31,18,31,39,51,50,49,32,17,34,20,17,20,31,48,31,29,47,53,20,22,23,26,27,45,37,50,40,28,49,21,50,32,26,55,54,58,26,56,43,57,27,37,35,26,41,60,60,37,33,50,59,46,60,64,46,40,44,53,49,30,52,51,42,71,72,38,41,40,60,62,65,60,68,56,48,38,54,47,49,75,51,68,74,76,49,48,42,51,76,40,44,57,66,70,81,76,49,70,57,72,73,52,67,82,66,78,86,51,68,87,86,79,77,72,74,66,87,72,54,69,54,90,80,68,78,81,69,59,73,66,91,66,82,64,71,63,76,85,95,89,84,73,67,62,65,72,76,78,66,90,75,96,82,82,77,93,64,64,66,72,67,81,90,100,83,98,78,88,75,70,84,79,72,97,100,88,74,93,74,85,100,75,100,79,90,79,96,90,97,74,77,74,100,100,100,100,100,81,100,100,100,90,80,97,92,100,100,91]
 M: 100

-problem: 85
 correct_answer: 32741
 y: [0,2,18,4,12,0,0,22,0,11,17,20,0,0,24,15,3,0,4,0,0,27,0,19,6,20,16,0,26,0,8,14,0,21,13,0,14,21,3,24,16,16,20,0,12,0,10,26,33,8,23,5,10,24,14,18,11,16,20,0,24,2,10,11,18,27,28,10,10,19,33,30,6,29,15,19,42,34,27,46,36,46,26,25,17,10,29,11,31,12,42,10,20,40,25,48,34,44,26,51,35,50,29,15,21,28,20,45,16,38,42,32,49,32,24,33,31,54,31,28,28,25,45,56,26,60,62,43,38,27,52,41,41,62,31,25,65,39,50,26,61,52,40,50,60,53,46,66,48,34,33,60,53,53,66,62,64,71,62,42,33,57,65,65,63,37,40,44,67,75,41,40,54,71,47,39,45,46,48,51,60,62,55,80,41,46,75,65,82,57,64,53,51,53,63,45,67,69,75,85,80,71,75,53,58,74,55,64,83,58,53,88,76,77,76,70,77,88,89,72,56,80,64,58,80,85,92,64,72,63,85,88,97,57,98,63,92,94,64,86,63,95,78,77,86,88,94,77,94,88,87,70,76,82,65,85,92,90,91,96,100,73,100,86,97,100,97,100,94,79,100,89,75,71,73,71,100,73,72,96,84,80,100,100,93,85,100,90,96,100,100,82,89,100,85,95,100,87,91,91]
 M: 100

-problem: 86
 correct_answer: 30514
 y: [20,0,0,0,0,0,1,0,14,0,16,0,10,8,22,0,9,0,0,17,2,0,4,0,11,2,27,0,1,5,2,4,14,18,10,12,11,5,4,2,6,19,6,16,22,6,0,8,30,15,0,0,4,18,0,35,35,4,32,10,1,23,17,1,41,38,33,30,34,16,27,41,27,37,15,28,17,43,35,44,8,19,10,35,31,32,27,11,24,30,50,17,35,29,15,23,47,25,46,47,42,19,16,53,35,15,51,29,29,20,32,40,54,22,36,54,22,39,38,33,29,59,59,33,54,29,38,46,52,27,30,29,62,62,59,38,29,58,50,55,51,40,52,29,38,40,34,62,48,51,49,61,52,48,34,68,46,44,65,46,70,69,58,64,58,62,46,47,63,51,47,55,65,55,70,46,63,76,70,63,49,67,41,66,74,55,48,59,59,82,82,54,44,76,84,61,52,63,54,85,84,65,52,85,64,67,52,72,52,88,78,76,65,91,81,70,58,65,79,74,58,76,76,83,66,87,94,59,85,67,81,79,85,58,95,70,91,87,90,93,66,75,70,100,99,76,85,85,98,72,65,73,86,83,87,86,74,92,95,80,88,80,83,69,86,87,87,80,100,100,100,74,95,87,97,89,100,75,94,86,100,100,99,80,95,98,100,87,89,84,86,100,100,80,88,80,95,100,85,85]
 M: 100

-problem: 87
 correct_answer: 31807
 y: [0,12,20,12,11,3,6,0,19,18,23,13,20,17,10,1,17,19,25,0,0,7,14,18,0,0,10,22,11,0,10,11,11,8,0,0,29,15,16,23,0,15,10,30,7,22,24,18,26,26,4,0,33,15,14,0,31,22,2,15,32,1,26,27,13,18,4,12,40,35,4,21,33,29,7,42,12,39,14,29,29,25,44,31,47,29,12,15,47,17,20,42,48,32,16,19,37,19,34,43,41,47,15,37,23,25,19,31,28,22,50,42,56,19,36,30,23,47,50,38,54,55,28,45,39,45,59,39,59,45,44,23,51,27,42,31,45,56,60,50,61,57,29,60,63,64,55,54,68,65,38,44,33,68,61,31,57,42,59,33,72,49,47,41,43,73,40,42,73,63,73,71,65,39,49,67,63,60,50,67,69,78,58,51,66,78,42,54,58,43,65,51,52,65,80,48,58,79,66,84,60,71,62,72,80,78,54,89,54,66,51,65,51,72,66,80,89,57,58,90,83,76,74,65,68,95,86,83,96,84,67,82,62,84,96,74,77,86,70,85,98,68,99,66,97,84,89,77,100,86,71,85,74,80,95,66,70,88,81,77,100,100,77,87,83,72,90,90,80,100,100,91,96,76,90,95,100,100,88,82,100,100,83,100,92,100,100,100,100,88,99,86,89,91,98,86,97,100,92,100]
 M: 100

-problem: 88
 correct_answer: 31685
 y: [6,0,20,5,0,17,0,19,0,2,0,0,0,3,5,4,22,0,0,16,21,21,1,0,25,0,22,10,0,9,13,4,0,22,13,0,20,30,0,10,25,0,0,0,20,15,22,0,30,20,11,8,6,17,20,29,5,26,22,34,28,3,23,34,22,9,13,9,38,16,31,6,21,32,35,23,28,45,46,44,16,27,45,20,9,42,30,31,47,44,28,19,33,17,30,31,22,20,21,21,25,18,26,22,27,33,16,53,30,24,46,55,34,45,49,47,54,24,26,44,20,21,59,55,29,42,62,25,23,43,60,55,39,56,54,44,46,64,39,62,50,61,50,32,64,63,61,54,58,31,44,62,58,40,32,39,68,72,43,63,43,73,55,43,48,45,65,51,69,58,38,71,50,45,43,47,44,70,63,42,70,56,57,44,71,63,67,43,66,69,45,63,54,75,71,65,70,77,86,73,48,67,59,80,75,78,55,61,57,85,77,62,72,87,77,72,60,79,69,77,72,54,78,64,56,86,94,70,91,79,78,92,66,77,69,65,64,86,94,75,78,62,86,93,78,63,96,82,91,72,69,100,77,96,77,76,100,98,95,72,87,91,98,72,75,73,80,100,80,69,70,100,78,100,100,81,100,96,79,79,76,95,90,86,100,78,85,77,82,86,100,100,100,84,100,85,91,89,92,82]
 M: 100

-problem: 89
 correct_answer: 31054
 y: [14,13,1,0,19,13,0,0,5,17,0,2,0,20,16,7,0,17,20,8,23,23,18,1,6,0,24,0,4,22,24,26,0,13,0,17,0,2,17,24,13,23,16,0,10,0,1,16,0,23,5,29,21,25,20,33,2,25,29,0,31,31,13,39,11,24,37,19,19,39,33,11,4,20,9,43,12,22,7,9,17,14,25,45,11,34,45,23,25,20,34,28,19,27,19,29,44,41,31,22,37,37,33,52,43,33,37,51,16,16,53,40,25,40,36,18,56,54,42,47,52,52,37,34,36,40,54,30,32,33,54,28,42,40,43,64,42,43,35,44,65,62,40,43,34,31,58,67,60,52,57,64,64,67,34,43,45,40,44,34,72,53,71,59,74,49,44,56,71,62,42,71,71,52,68,59,56,60,71,76,76,66,47,73,46,59,81,79,78,46,81,44,56,64,49,65,75,72,54,59,70,85,67,78,64,49,48,68,72,80,72,66,70,55,88,76,80,85,68,55,88,89,63,81,81,73,58,89,61,65,83,62,65,83,77,82,94,64,91,87,61,91,85,73,65,66,67,62,70,64,65,67,79,67,82,90,69,78,75,100,68,100,71,84,81,90,93,86,74,100,100,83,100,80,98,92,100,89,86,100,100,75,80,97,98,100,100,100,93,87,78,100,100,92,97,99,100,92,90,85]
 M: 100

-problem: 90
 correct_answer: 32284
 y: [19,11,20,0,8,0,22,0,0,7,0,23,0,0,15,10,25,23,1,22,0,21,26,14,1,5,0,0,28,1,0,1,10,9,0,0,0,17,30,9,21,24,0,13,7,22,16,5,8,19,27,0,21,0,29,22,26,37,34,1,13,28,37,37,5,4,21,18,30,33,14,42,14,25,23,45,8,16,33,46,22,42,21,33,14,28,38,16,30,45,14,10,16,22,21,17,12,46,52,29,23,48,24,45,32,45,24,47,36,20,34,51,44,49,29,25,30,37,34,37,50,29,24,24,60,35,58,48,44,55,49,38,57,48,62,31,44,65,39,45,36,56,37,65,53,58,31,63,33,54,69,46,39,38,59,70,71,61,71,49,66,57,44,73,63,69,51,38,74,55,51,72,43,43,56,42,64,56,46,46,59,77,68,68,81,63,73,80,48,79,72,59,79,61,55,75,59,45,54,81,50,70,76,67,68,85,82,64,52,82,85,81,74,68,61,74,80,68,53,58,55,65,58,81,85,94,59,81,70,93,94,78,86,80,85,70,59,87,76,92,80,97,95,100,95,73,69,89,83,70,89,73,71,100,82,99,85,100,82,68,80,95,91,79,78,74,93,100,82,97,81,95,88,100,76,84,79,95,72,79,88,93,90,81,95,100,100,86,96,100,78,100,95,100,78,100,100,100,100,86]
 M: 100

-problem: 91
 correct_answer: 31032
 y: [0,9,0,0,0,0,6,0,20,17,17,6,16,0,17,0,11,0,15,10,17,20,7,3,0,20,6,25,13,5,0,0,0,9,23,3,24,6,0,5,22,6,4,7,8,7,15,10,15,5,34,13,12,20,27,37,18,22,28,2,24,38,37,27,5,33,3,40,33,3,41,3,15,35,7,25,19,26,17,37,24,12,39,17,20,24,27,44,49,43,48,15,37,47,23,21,39,45,34,21,27,18,20,51,38,23,51,15,32,32,49,37,50,39,39,48,28,19,31,44,26,45,48,54,60,35,51,59,24,38,49,27,60,57,43,41,49,46,50,47,51,46,34,29,46,52,46,65,46,64,68,44,70,35,35,35,32,55,61,69,36,62,34,46,38,48,72,47,61,36,76,54,61,44,77,75,71,73,65,48,80,41,41,75,49,69,63,71,66,60,58,59,76,68,75,65,76,80,59,59,70,76,77,54,59,79,63,67,82,59,64,61,79,55,80,62,77,85,69,76,85,70,68,72,66,81,95,56,66,80,57,80,68,76,69,91,68,65,70,95,95,72,86,71,100,100,88,98,64,66,78,81,95,89,95,66,97,89,100,97,79,100,72,73,80,92,99,96,84,86,85,83,77,86,82,100,100,79,100,87,91,83,80,100,86,84,100,98,77,100,100,91,100,85,100,100,100,95,98,80]
 M: 100

-problem: 92
 correct_answer: 30613
 y: [17,9,0,0,8,0,0,0,0,0,8,17,13,20,2,20,0,24,0,0,15,20,6,0,0,17,25,16,0,0,6,15,28,22,7,23,9,26,24,6,33,11,2,18,0,0,0,33,23,33,8,36,34,34,3,22,7,37,15,8,25,12,33,39,30,15,40,35,16,20,15,30,8,15,25,43,17,29,39,38,16,44,30,28,37,33,20,23,36,49,31,22,13,32,16,11,29,36,23,47,15,17,40,22,52,38,52,37,47,24,42,36,23,41,54,30,54,40,43,47,51,55,60,41,34,38,37,35,52,59,52,23,35,55,64,60,52,60,47,57,44,58,32,56,58,30,29,53,58,35,38,39,42,58,51,43,57,68,70,33,66,52,69,34,45,37,60,41,52,73,52,40,47,68,51,69,76,44,49,48,72,76,50,57,45,48,77,58,55,73,47,75,65,60,66,48,61,68,75,71,84,75,62,73,53,53,52,70,83,56,60,64,74,84,71,75,88,64,92,85,87,61,65,69,56,88,80,68,83,66,87,64,69,91,84,86,89,76,99,89,67,77,75,100,65,72,88,75,94,79,71,73,99,82,77,73,100,78,97,77,79,88,100,87,69,80,75,90,70,100,71,100,84,94,98,99,100,86,90,96,100,92,93,100,100,100,87,100,86,83,96,100,90,100,84,98,100,100,94,100]
 M: 100

-problem: 93
 correct_answer: 30160
 y: [8,0,0,0,2,21,16,0,11,13,6,22,9,0,4,13,23,3,0,25,17,0,22,8,20,17,6,8,14,10,6,28,0,12,0,11,14,6,15,31,4,29,0,15,0,23,25,16,31,32,16,0,29,27,37,25,23,35,39,37,36,4,16,3,26,26,34,30,35,21,40,6,16,19,27,28,7,26,19,20,11,43,36,28,15,14,47,11,12,33,40,26,30,18,18,14,14,12,28,30,52,50,23,17,44,24,52,45,38,25,18,53,48,24,46,47,37,50,30,29,41,38,57,27,27,30,51,30,54,44,48,34,64,45,64,40,35,49,54,59,41,51,40,60,61,42,41,40,65,30,37,57,69,62,63,39,60,68,69,35,73,51,50,62,45,39,49,75,51,36,40,50,65,43,45,48,59,53,44,78,70,44,61,72,44,45,79,68,55,64,52,57,56,64,56,49,61,45,68,71,81,68,80,83,70,67,85,62,70,83,67,74,50,77,73,67,70,69,75,69,70,90,79,59,74,71,87,87,96,77,82,65,67,78,75,88,58,97,76,67,88,99,77,100,76,63,68,97,91,83,72,100,93,100,94,100,100,80,94,100,86,87,87,81,76,75,99,98,100,83,96,89,70,93,93,82,79,78,77,99,97,83,84,100,100,76,100,100,85,100,85,100,100,100,96,96,98,91,98,99]
 M: 100

-problem: 94
 correct_answer: 31405
 y: [6,16,0,1,11,2,22,9,0,18,0,8,13,0,0,0,0,17,24,14,19,3,11,13,27,19,27,7,27,0,12,4,0,3,20,30,8,31,31,0,0,29,0,10,12,14,2,0,35,6,32,0,25,35,5,13,10,5,22,33,15,20,9,37,36,30,15,36,20,18,33,19,4,31,26,17,30,36,28,41,12,9,7,43,30,13,35,33,36,28,44,36,40,46,31,50,38,46,14,15,28,51,24,32,48,48,31,49,51,54,52,32,17,44,43,54,35,20,30,36,34,53,47,29,61,35,28,42,25,37,58,23,63,44,24,34,25,64,29,47,52,62,49,46,44,57,53,40,62,41,59,34,58,49,31,41,65,57,32,34,40,60,48,47,53,58,54,43,44,44,68,39,62,67,56,66,47,56,68,55,76,51,56,41,60,75,74,45,72,66,46,81,67,62,67,46,74,65,49,48,82,49,67,65,55,66,75,81,49,57,55,82,56,72,63,52,54,77,71,65,74,68,69,58,69,94,68,84,68,76,71,82,86,83,68,77,63,76,72,95,94,92,69,65,87,67,99,83,78,85,97,86,68,74,81,70,79,90,76,98,89,100,100,90,88,85,68,79,90,100,100,99,85,72,100,82,96,92,86,100,100,77,100,83,81,90,100,100,100,92,77,84,100,91,91,100,100,100,100,100]
 M: 100

-problem: 95
 correct_answer: 32163
 y: [16,8,0,0,10,0,1,0,15,0,16,0,22,1,7,0,16,2,0,9,0,5,15,0,9,27,0,0,0,5,14,16,8,17,3,14,27,0,14,30,33,2,17,10,1,7,2,24,18,16,8,34,9,0,18,23,37,4,34,2,23,26,26,3,14,33,38,40,41,7,24,31,33,38,6,37,15,9,29,14,21,42,9,45,21,25,26,17,15,45,16,49,32,50,43,21,25,22,20,19,15,37,21,21,18,50,46,38,47,47,56,44,31,49,32,49,22,56,21,22,44,23,54,40,45,23,39,50,57,47,61,32,30,63,38,37,55,42,27,39,51,59,50,45,46,36,37,37,40,66,42,52,42,57,51,36,50,51,66,45,53,69,43,60,73,47,59,73,69,46,50,65,53,77,72,50,49,64,54,60,80,48,56,76,65,63,76,82,49,75,71,61,58,68,55,74,75,67,63,71,71,60,77,87,74,83,48,49,63,81,85,50,60,79,80,87,66,80,89,74,92,63,58,75,56,58,76,90,93,96,78,78,96,63,65,71,60,99,75,88,75,94,65,83,95,91,97,82,67,76,66,75,100,66,87,81,92,100,69,95,84,75,87,100,85,89,98,79,100,94,100,100,88,90,100,100,100,100,100,100,94,95,100,95,97,100,83,82,100,100,81,87,80,91,100,92,100,79,100,88]
 M: 100

-problem: 96
 correct_answer: 29005
 y: [0,0,15,15,0,1,3,20,0,0,0,18,0,0,6,23,16,0,4,12,11,0,25,0,0,0,24,0,10,27,3,23,0,27,0,15,0,16,20,0,25,24,30,10,19,8,25,0,6,21,7,20,12,24,29,38,27,3,28,10,1,29,4,20,39,32,42,7,30,7,23,24,25,4,38,27,37,38,31,24,39,35,10,25,29,46,32,27,24,35,26,39,27,41,11,16,37,46,42,40,32,36,46,19,42,31,29,44,51,30,43,50,57,46,41,19,52,59,54,42,38,58,21,33,23,23,59,48,42,37,55,25,42,40,39,28,35,51,63,64,58,59,29,62,68,68,55,46,51,52,69,33,38,45,44,66,57,62,33,73,51,59,49,49,41,58,57,68,62,37,58,63,76,74,53,61,52,51,46,52,46,51,61,67,51,51,43,74,71,83,70,78,55,68,72,50,55,56,53,63,66,65,61,60,57,50,69,68,68,74,62,72,72,61,70,80,92,70,76,74,76,86,70,73,77,61,79,68,75,85,91,92,85,77,70,63,95,67,93,83,71,85,60,74,65,99,100,99,62,92,82,87,93,86,99,98,79,100,78,91,100,100,100,100,100,73,81,100,91,96,95,100,87,99,90,96,73,74,87,79,80,92,87,100,100,100,84,100,84,100,91,100,100,99,100,100,100,100,80,100]
 M: 100

-problem: 97
 correct_answer: 33478
 y: [0,12,16,0,0,19,14,0,0,0,0,0,24,0,19,12,15,0,19,19,14,0,21,0,0,0,12,0,0,21,8,14,25,11,8,30,0,24,10,17,9,24,27,28,24,6,18,26,21,33,0,15,2,5,4,29,0,16,1,12,29,30,17,29,26,6,20,35,40,6,11,37,10,23,5,7,42,34,39,29,26,20,17,30,8,9,32,35,49,11,13,50,26,43,40,17,33,29,48,50,47,39,24,51,36,40,42,36,49,17,34,57,33,17,39,43,54,27,21,50,53,43,25,23,21,22,51,43,26,38,23,55,60,54,45,57,65,65,64,48,28,66,28,38,39,34,56,50,42,35,62,60,55,50,60,36,52,52,39,36,37,66,60,58,48,64,60,40,58,71,75,75,77,57,61,54,68,59,62,55,63,43,75,46,79,80,66,77,67,80,72,83,46,84,75,74,81,63,68,77,61,58,47,68,85,58,59,86,49,56,82,74,89,85,75,71,59,73,90,85,81,67,67,76,77,67,55,84,63,89,86,66,64,91,91,96,84,87,66,79,77,66,68,61,83,93,89,91,66,86,100,72,66,100,94,100,94,95,80,97,82,80,94,70,100,76,100,100,100,99,72,88,100,85,79,85,88,94,76,97,90,100,100,100,81,81,94,100,88,100,83,98,94,88,100,83,81,100,80,100]
 M: 100

-problem: 98
 correct_answer: 32022
 y: [19,0,0,0,0,0,1,0,9,7,19,10,18,20,0,4,17,19,22,0,5,9,2,15,8,0,8,2,27,3,1,9,25,8,6,11,30,6,0,19,24,17,34,18,14,2,35,2,29,28,31,11,34,24,19,25,5,29,33,15,11,30,14,24,28,30,11,14,33,43,32,31,7,15,23,9,22,15,6,45,32,34,38,34,36,15,21,31,16,46,42,50,30,37,16,14,17,41,24,49,33,39,33,24,19,45,24,49,17,39,45,41,44,36,55,49,19,22,54,38,53,52,46,21,39,29,55,57,30,59,54,29,25,54,63,57,51,27,63,36,57,35,36,64,41,32,33,29,58,50,55,37,47,62,43,62,70,66,68,37,69,39,52,66,41,40,36,47,61,69,56,45,57,50,54,51,61,39,64,71,62,78,80,54,48,59,54,69,50,47,69,45,50,67,46,72,76,79,72,85,69,63,87,61,55,48,62,83,53,55,76,56,76,61,61,85,56,62,70,92,93,55,82,64,77,83,90,72,75,96,81,63,93,80,71,75,64,81,70,85,78,80,85,98,66,78,64,90,67,96,64,64,88,78,74,93,95,89,81,100,96,100,98,94,89,84,76,93,91,97,100,88,85,100,100,75,76,76,100,94,76,100,100,79,100,87,100,100,100,100,100,92,89,96,87,97,89,100,100,100]
 M: 100

-problem: 99
 correct_answer: 31330
 y: [0,0,0,0,14,0,0,0,9,23,17,0,0,0,0,5,15,23,0,13,24,18,2,0,10,26,20,23,12,18,23,9,25,3,0,20,17,27,0,20,10,32,20,17,14,0,0,20,36,18,5,8,22,2,4,28,31,14,39,38,21,35,21,2,34,12,26,38,15,30,23,22,40,28,33,24,36,32,18,9,6,15,41,32,22,23,18,9,43,11,13,29,12,37,46,18,33,33,38,17,43,20,30,39,41,36,43,30,44,52,43,57,31,18,51,20,22,39,36,20,52,21,32,23,35,45,42,43,61,47,54,57,26,52,52,54,34,43,47,49,65,52,42,46,32,42,57,59,65,38,30,36,64,55,60,32,51,58,35,56,47,53,67,35,71,50,63,49,56,70,41,76,50,49,68,70,76,66,60,69,71,58,72,77,78,65,46,46,55,78,43,68,48,49,44,46,56,67,82,73,53,70,67,54,70,56,88,49,85,66,61,74,64,70,90,74,69,78,90,75,90,53,75,59,56,80,59,84,69,74,72,59,86,95,96,72,81,99,77,76,87,99,82,91,70,81,66,66,64,92,73,89,85,86,100,100,95,83,77,96,87,84,82,90,92,73,72,99,71,78,77,80,91,100,81,74,78,72,100,86,90,82,89,100,85,100,82,98,100,84,84,99,100,79,94,99,100,100,96,100]
 M: 100

-problem: 100
 correct_answer: 31966
 y: [11,1,0,9,13,1,0,0,14,9,0,0,6,0,0,22,0,21,0,0,0,23,0,27,0,21,0,12,1,18,11,16,6,11,0,24,3,22,30,0,33,24,12,34,3,13,8,19,10,5,22,10,12,4,21,9,3,23,25,36,35,2,33,11,27,19,26,4,20,27,14,16,25,31,42,23,11,19,31,45,43,13,20,21,15,30,32,31,16,30,35,22,27,46,24,48,40,24,36,15,50,31,27,41,42,29,16,22,48,29,32,53,41,20,41,34,26,23,52,31,33,22,36,47,48,22,25,52,23,62,32,52,40,33,56,40,64,51,59,31,45,53,64,66,66,59,56,62,69,36,62,36,63,70,45,45,58,59,70,69,41,46,45,72,63,51,49,74,63,44,40,64,70,71,51,78,60,74,40,78,77,56,58,44,54,79,62,72,64,69,60,53,84,71,52,58,56,82,78,79,58,63,63,52,88,51,86,76,79,79,76,83,74,86,55,51,64,60,66,86,56,75,66,94,86,93,64,77,96,82,62,59,77,94,84,98,96,81,82,92,84,71,71,93,90,72,79,68,82,81,86,72,96,100,98,68,72,85,66,77,67,95,100,68,97,93,91,100,87,100,70,78,100,97,82,100,84,73,86,86,89,100,90,100,100,97,84,89,87,98,77,100,91,88,98,100,86,88,98,100]
 M: 100

-problem: 101
 y: [8,0,9,0,1,0,11,3,0,0,6,0,3,1,0,0,2,0,0,0,8,6,10,0,28,11,0,6,22,11,16,0,6,0,13,0,15,0,31,3,9,8,14,12,0,21,20,16,10,25,7,8,30,0,34,24,4,29,35,2,10,27,35,7,11,36,40,22,42,42,29,5,23,43,4,6,27,23,23,29,32,42,33,45,29,12,14,43,32,22,14,14,45,49,39,49,47,27,35,31,37,38,29,41,15,43,20,30,42,54,39,27,39,27,41,34,37,25,19,27,33,31,34,34,40,48,62,52,58,26,50,51,36,36,56,51,46,55,36,32,58,56,49,67,64,52,33,59,43,45,48,41,37,51,70,41,44,32,63,46,52,57,52,42,71,64,68,70,46,53,60,57,68,40,74,66,62,69,49,72,73,63,42,74,45,41,74,78,71,69,46,79,75,69,76,62,76,77,49,46,62,50,57,65,82,56,71,78,61,61,81,64,64,67,85,70,77,61,67,58,81,66,84,94,78,62,78,92,56,59,87,71,83,81,75,73,78,96,76,72,94,71,79,78,75,81,66,65,78,80,80,80,100,96,69,80,66,68,70,90,79,100,81,83,77,73,85,81,70,84,91,73,80,84,84,92,91,86,100,96,100,100,99,100,93,83,98,79,77,86,83,100,80,100,84,100,97,100,100,87]
 M: 100

-problem: 102
 y: [18,0,7,21,0,10,0,0,0,0]
 M: 100

-problem: 103
 y: [11,2,0,20,19,17,16,10,0,0]
 M: 100

-problem: 104
 y: [0,8,4,1,10,19,0,0,0,15]
 M: 100

-problem: 105
 y: [1,8,0,6,3,10,13,14,0,0]
 M: 100

-problem: 106
 y: [0,0,0,0,0,6,10,0,0,14]
 M: 100

-problem: 107
 y: [0,0,0,10,4,0,0,0,0,6]
 M: 100

-problem: 108
 y: [0,0,6,0,0,0,0,1,0,10]
 M: 100

-problem: 109
 y: [0,13,2,15,0,0,16,19,20,0]
 M: 100

-problem: 110
 y: [0,13,0,0,2,0,0,16,2,20]
 M: 100

-problem: 111
 y: [17,0,15,4,0,13,3,0,10,0]
 M: 100

-problem: 112
 y: [14,10,15,12,7,11,0,21,5,15]
 M: 100

-problem: 113
 y: [8,5,0,0,5,0,5,0,0,8]
 M: 100

-problem: 114
 y: [0,0,0,21,0,19,0,12,0,0]
 M: 100

-problem: 115
 y: [0,8,0,0,0,0,14,0,0,23]
 M: 100

-problem: 116
 y: [8,0,14,0,1,15,16,0,15,2]
 M: 100

-problem: 117
 y: [0,16,0,12,0,15,0,8,0,0]
 M: 100

-problem: 118
 y: [8,0,0,3,0,0,0,12,6,3]
 M: 100

-problem: 119
 y: [0,0,0,0,18,0,19,20,20,6]
 M: 100

-problem: 120
 y: [19,14,17,13,3,5,0,22,0,0]
 M: 100

-problem: 121
 y: [0,0,18,0,10,0,0,10,0,0]
 M: 100

-problem: 122
 y: [0,0,0,20,0,21,0,0,4,17]
 M: 100

-problem: 123
 y: [0,0,11,0,0,0,0,0,0,5]
 M: 100

-problem: 124
 y: [0,0,5,16,5,11,0,0,0,16]
 M: 100

-problem: 125
 y: [0,0,0,3,0,0,0,20,0,5]
 M: 100

-problem: 126
 y: [0,13,1,16,9,0,18,16,18,0]
 M: 100

-problem: 127
 y: [0,7,0,0,3,10,16,0,0,0]
 M: 100

-problem: 128
 y: [0,15,11,3,0,4,17,0,0,0]
 M: 100

-problem: 129
 y: [0,15,20,0,0,17,0,4,5,5]
 M: 100

-problem: 130
 y: [6,6,19,0,9,7,0,8,20,0]
 M: 100

-problem: 131
 y: [0,2,0,0,20,14,0,17,0,1]
 M: 100

-problem: 132
 y: [0,12,0,0,10,7,0,13,0,17]
 M: 100

-problem: 133
 y: [16,0,0,0,0,16,0,5,0,6]
 M: 100

-problem: 134
 y: [0,11,3,9,0,0,1,0,0,17]
 M: 100

-problem: 135
 y: [9,4,0,6,5,12,0,9,0,0]
 M: 100

-problem: 136
 y: [0,0,2,0,0,2,11,0,11,21]
 M: 100

-problem: 137
 y: [0,13,0,5,0,0,0,13,0,0]
 M: 100

-problem: 138
 y: [0,0,0,8,11,8,22,20,12,13]
 M: 100

-problem: 139
 y: [0,0,8,0,0,18,0,17,0,17]
 M: 100

-problem: 140
 y: [16,11,0,0,12,0,16,0,0,2]
 M: 100

-problem: 141
 y: [0,1,8,0,20,8,0,4,0,3]
 M: 100

-problem: 142
 y: [0,0,16,0,14,0,3,16,0,20]
 M: 100

-problem: 143
 y: [7,7,0,0,21,21,0,7,12,0]
 M: 100

-problem: 144
 y: [0,17,0,3,0,0,0,6,15,17]
 M: 100

-problem: 145
 y: [0,10,6,0,19,0,12,0,2,18]
 M: 100

-problem: 146
 y: [0,8,13,0,0,0,0,16,15,0]
 M: 100

-problem: 147
 y: [10,0,12,11,0,0,0,20,13,13]
 M: 100

-problem: 148
 y: [14,4,0,0,0,13,0,0,1,23]
 M: 100

-problem: 149
 y: [0,0,11,0,0,0,0,0,0,18]
 M: 100

-problem: 150
 y: [0,10,0,8,21,21,8,13,7,19]
 M: 100

-problem: 151
 y: [0,2,13,21,16,6,20,0,18,1]
 M: 100

-problem: 152
 y: [2,11,18,0,10,0,22,4,0,0]
 M: 100

-problem: 153
 y: [0,0,4,15,4,0,21,1,0,0]
 M: 100

-problem: 154
 y: [1,0,15,10,0,0,0,17,22,0]
 M: 100

-problem: 155
 y: [0,11,4,0,19,12,0,0,0,4]
 M: 100

-problem: 156
 y: [7,0,0,8,0,3,8,1,0,16]
 M: 100

-problem: 157
 y: [0,0,0,0,0,21,18,0,0,14]
 M: 100

-problem: 158
 y: [0,0,8,0,0,0,21,20,0,0]
 M: 100

-problem: 159
 y: [0,14,14,0,6,7,8,9,0,0]
 M: 100

-problem: 160
 y: [0,5,0,6,18,0,0,11,2,20]
 M: 100

-problem: 161
 y: [0,0,0,13,3,0,21,0,0,4]
 M: 100

-problem: 162
 y: [18,0,11,3,15,18,1,1,14,0]
 M: 100

-problem: 163
 y: [8,0,4,0,19,13,0,11,0,0]
 M: 100

-problem: 164
 y: [2,0,0,8,0,4,14,10,3,2]
 M: 100

-problem: 165
 y: [0,19,0,0,2,0,8,0,0,19]
 M: 100

-problem: 166
 y: [2,0,16,6,7,12,0,0,0,0]
 M: 100

-problem: 167
 y: [1,0,0,0,5,0,9,9,0,0]
 M: 100

-problem: 168
 y: [3,0,0,0,7,0,3,21,18,0]
 M: 100

-problem: 169
 y: [0,0,20,0,6,0,0,0,21,1]
 M: 100

-problem: 170
 y: [0,19,0,3,19,0,0,2,7,6]
 M: 100

-problem: 171
 y: [0,18,0,0,6,0,19,8,16,0]
 M: 100

-problem: 172
 y: [4,19,0,0,6,0,9,12,0,6]
 M: 100

-problem: 173
 y: [14,0,0,0,0,0,0,15,10,1]
 M: 100

-problem: 174
 y: [0,3,0,18,6,7,7,0,0,0]
 M: 100

-problem: 175
 y: [11,0,0,0,0,8,0,21,0,1]
 M: 100

-problem: 176
 y: [0,18,5,12,0,0,0,15,5,16]
 M: 100

-problem: 177
 y: [0,0,0,7,0,18,0,18,8,0]
 M: 100

-problem: 178
 y: [5,10,0,6,0,0,0,3,8,0]
 M: 100

-problem: 179
 y: [5,0,0,14,12,0,0,0,0,15]
 M: 100

-problem: 180
 y: [11,0,15,20,0,8,22,22,0,0]
 M: 100

-problem: 181
 y: [0,0,0,21,0,0,0,5,0,0]
 M: 100

-problem: 182
 y: [4,0,0,20,19,0,6,0,12,14]
 M: 100

-problem: 183
 y: [15,3,0,0,0,0,7,14,0,0]
 M: 100

-problem: 184
 y: [10,0,10,0,9,8,22,5,22,0]
 M: 100

-problem: 185
 y: [0,0,5,4,15,0,0,21,0,0]
 M: 100

-problem: 186
 y: [6,0,11,0,12,0,0,14,0,0]
 M: 100

-problem: 187
 y: [0,4,9,1,10,0,0,0,7,0]
 M: 100

-problem: 188
 y: [0,18,0,19,2,0,14,15,7,14]
 M: 100

-problem: 189
 y: [16,19,0,21,0,0,6,0,0,0]
 M: 100

-problem: 190
 y: [1,0,0,0,15,0,17,5,9,14]
 M: 100

-problem: 191
 y: [0,19,0,18,21,0,0,0,18,16]
 M: 100

-problem: 192
 y: [0,4,0,0,0,12,0,0,0,11]
 M: 100

-problem: 193
 y: [10,8,0,0,17,10,2,13,3,0]
 M: 100

-problem: 194
 y: [6,0,0,0,0,17,20,11,0,8]
 M: 100

-problem: 195
 y: [17,0,0,0,12,10,0,9,0,3]
 M: 100

-problem: 196
 y: [0,0,17,2,0,0,16,0,0,19]
 M: 100

-problem: 197
 y: [9,0,0,0,6,0,1,0,20,22]
 M: 100

-problem: 198
 y: [6,0,0,0,7,13,0,0,10,12]
 M: 100

-problem: 199
 y: [0,0,0,0,3,0,0,0,9,15]
 M: 100

-problem: 200
 y: [8,19,0,0,1,0,0,16,1,3]
 M: 100

-problem: 201
 y: [19,0,0,0,2,13,17,3,13,0]
 M: 100

-problem: 202
 y: [15,12,0,0,0,0,0,0,0,22]
 M: 100

-problem: 203
 y: [7,19,0,1,0,0,0,0,18,21]
 M: 100

-problem: 204
 y: [7,0,0,8,20,15,0,7,0,22]
 M: 100

-problem: 205
 y: [0,0,0,0,0,0,0,0,0,0]
 M: 100

-problem: 206
 y: [16,0,0,15,16,19,0,21,0,0]
 M: 100

-problem: 207
 y: [0,0,19,11,0,0,3,0,0,19]
 M: 100

-problem: 208
 y: [0,15,17,7,6,10,0,0,1,13]
 M: 100

-problem: 209
 y: [19,0,8,0,0,0,0,0,16,14]
 M: 100

-problem: 210
 y: [7,11,0,6,0,0,20,10,22,0]
 M: 100

-problem: 211
 y: [14,18,7,0,0,3,0,7,15,0]
 M: 100

-problem: 212
 y: [2,0,20,0,0,0,0,1,0,0]
 M: 100

-problem: 213
 y: [3,16,2,1,9,4,0,19,7,7]
 M: 100

-problem: 214
 y: [15,7,11,0,14,0,3,6,8,2]
 M: 100

-problem: 215
 y: [0,9,0,9,4,15,5,0,0,19]
 M: 100

-problem: 216
 y: [0,0,0,10,14,0,0,0,11,0]
 M: 100

-problem: 217
 y: [18,10,0,20,17,13,5,16,1,18]
 M: 100

-problem: 218
 y: [6,0,5,14,0,0,8,0,18,13]
 M: 100

-problem: 219
 y: [0,11,0,12,0,0,2,8,0,18]
 M: 100

-problem: 220
 y: [0,12,0,10,3,0,11,0,0,0]
 M: 100

-problem: 221
 y: [15,6,0,0,0,0,11,19,13,1]
 M: 100

-problem: 222
 y: [0,10,0,5,10,16,10,2,8,16]
 M: 100

-problem: 223
 y: [0,2,0,0,0,0,0,0,7,0]
 M: 100

-problem: 224
 y: [0,0,0,11,14,0,1,0,0,0]
 M: 100

-problem: 225
 y: [18,0,0,0,19,0,3,0,7,0]
 M: 100

-problem: 226
 y: [0,12,0,5,5,0,0,13,21,4]
 M: 100

-problem: 227
 y: [19,6,0,0,16,0,4,18,0,1]
 M: 100

-problem: 228
 y: [0,17,0,0,0,12,0,19,0,0]
 M: 100

-problem: 229
 y: [0,20,0,0,0,0,9,0,0,0]
 M: 100

-problem: 230
 y: [18,0,0,12,18,0,9,0,2,8]
 M: 100

-problem: 231
 y: [12,0,12,4,20,0,21,0,0,0]
 M: 100

-problem: 232
 y: [2,0,14,5,0,0,0,1,0,0]
 M: 100

-problem: 233
 y: [16,3,7,0,0,20,0,20,0,22]
 M: 100

-problem: 234
 y: [20,2,0,0,0,3,7,5,7,11]
 M: 100

-problem: 235
 y: [17,11,13,21,19,6,7,0,0,0]
 M: 100

-problem: 236
 y: [12,0,12,10,0,4,0,12,12,0]
 M: 100

-problem: 237
 y: [1,0,0,0,21,0,10,0,20,6]
 M: 100

-problem: 238
 y: [0,0,13,9,0,12,7,5,21,0]
 M: 100

-problem: 239
 y: [13,0,0,17,13,3,19,0,0,0]
 M: 100

-problem: 240
 y: [9,12,3,0,0,0,6,4,0,0]
 M: 100

-problem: 241
 y: [14,0,1,19,14,13,5,0,6,0]
 M: 100

-problem: 242
 y: [0,7,12,5,0,0,0,0,0,0]
 M: 100

-problem: 243
 y: [9,0,0,0,12,16,0,22,0,0]
 M: 100

-problem: 244
 y: [3,14,0,0,15,2,22,0,0,16]
 M: 100

-problem: 245
 y: [15,5,16,0,19,19,1,9,10,0]
 M: 100

-problem: 246
 y: [0,0,11,2,0,17,0,0,6,7]
 M: 100

-problem: 247
 y: [0,0,13,0,0,12,19,0,0,0]
 M: 100

-problem: 248
 y: [12,17,0,14,0,10,22,0,0,0]
 M: 100

-problem: 249
 y: [19,1,0,0,0,0,0,0,15,0]
 M: 100

-problem: 250
 y: [0,0,0,12,0,7,8,0,9,0]
 M: 100

-problem: 251
 y: [18,0,0,5,13,0,19,0,0,11]
 M: 100

-problem: 252
 y: [14,9,0,0,0,16,0,0,0,9]
 M: 100

-problem: 253
 y: [0,0,19,0,0,0,0,0,0,4]
 M: 100

-problem: 254
 y: [4,7,0,0,0,3,0,0,3,14]
 M: 100

-problem: 255
 y: [0,18,12,17,20,0,2,13,19,0]
 M: 100

-problem: 256
 y: [0,0,4,0,3,1,0,0,0,0]
 M: 100

-problem: 257
 y: [0,0,0,12,7,0,0,5,10,21]
 M: 100

-problem: 258
 y: [0,4,1,8,9,0,0,4,0,0]
 M: 100

-problem: 259
 y: [13,17,0,0,11,0,0,10,0,6]
 M: 100

-problem: 260
 y: [20,6,0,1,0,4,0,21,0,0]
 M: 100

-problem: 261
 y: [0,13,3,13,19,6,0,0,4,0]
 M: 100

-problem: 262
 y: [0,11,5,0,0,18,2,2,0,18]
 M: 100

-problem: 263
 y: [0,0,0,0,1,0,15,8,19,11]
 M: 100

-problem: 264
 y: [0,0,15,13,5,0,6,0,11,18]
 M: 100

-problem: 265
 y: [0,0,4,4,0,0,0,19,0,7]
 M: 100

-problem: 266
 y: [0,0,0,11,1,0,0,15,5,18]
 M: 100

-problem: 267
 y: [0,0,0,18,12,0,18,0,18,0]
 M: 100

-problem: 268
 y: [0,16,18,13,0,0,2,0,13,0]
 M: 100

-problem: 269
 y: [0,0,0,0,1,0,10,0,0,13]
 M: 100

-problem: 270
 y: [12,0,3,10,14,17,0,7,0,0]
 M: 100

-problem: 271
 y: [0,0,0,17,0,3,14,0,0,14]
 M: 100

-problem: 272
 y: [5,9,0,12,14,7,2,0,22,4]
 M: 100

-problem: 273
 y: [5,0,4,0,0,16,0,0,20,21]
 M: 100

-problem: 274
 y: [5,0,0,18,1,17,21,0,0,0]
 M: 100

-problem: 275
 y: [15,0,0,10,17,21,1,9,6,6]
 M: 100

-problem: 276
 y: [17,0,15,13,0,0,0,11,0,0]
 M: 100

-problem: 277
 y: [0,4,0,12,8,8,8,18,0,4]
 M: 100

-problem: 278
 y: [0,16,0,21,13,0,9,17,17,0]
 M: 100

-problem: 279
 y: [20,16,19,0,0,16,0,11,0,18]
 M: 100

-problem: 280
 y: [0,3,0,9,5,0,10,0,7,2]
 M: 100

-problem: 281
 y: [0,20,15,2,6,19,0,16,0,9]
 M: 100

-problem: 282
 y: [4,9,2,0,0,0,0,9,7,13]
 M: 100

-problem: 283
 y: [0,0,14,0,0,0,0,0,0,12]
 M: 100

-problem: 284
 y: [0,0,0,17,3,0,0,0,3,0]
 M: 100

-problem: 285
 y: [0,12,10,0,18,15,2,9,8,14]
 M: 100

-problem: 286
 y: [10,9,18,0,2,17,10,0,0,18]
 M: 100

-problem: 287
 y: [10,0,19,0,0,18,0,9,0,10]
 M: 100

-problem: 288
 y: [1,0,0,5,0,0,0,0,8,0]
 M: 100

-problem: 289
 y: [4,0,0,0,0,0,0,1,22,0]
 M: 100

-problem: 290
 y: [8,18,0,0,1,0,1,0,0,13]
 M: 100

-problem: 291
 y: [10,0,0,3,2,7,11,0,0,20]
 M: 100

-problem: 292
 y: [0,0,15,0,0,0,1,21,2,21]
 M: 100

-problem: 293
 y: [0,0,0,15,0,19,21,8,17,16]
 M: 100

-problem: 294
 y: [0,0,0,0,0,13,10,0,1,22]
 M: 100

-problem: 295
 y: [0,2,10,0,0,13,5,0,0,7]
 M: 100

-problem: 296
 y: [0,0,19,20,15,0,0,15,0,18]
 M: 100

-problem: 297
 y: [18,8,0,0,0,9,0,7,0,2]
 M: 100

-problem: 298
 y: [0,0,0,0,0,0,19,0,9,0]
 M: 100

-problem: 299
 y: [15,17,16,0,11,0,8,6,0,0]
 M: 100

-problem: 300
 y: [0,12,0,21,0,3,13,0,12,19]
 M: 100

-problem: 301
 y: [0,0,0,0,8,4,15,4,5,0]
 M: 100

-problem: 302
 y: [0,2,13,8,19,1,12,21,0,0]
 M: 100

-problem: 303
 y: [0,17,0,14,15,3,0,0,20,6]
 M: 100

-problem: 304
 y: [0,16,13,0,6,0,6,11,15,0]
 M: 100

-problem: 305
 y: [7,0,0,0,20,0,2,0,11,5]
 M: 100

-problem: 306
 y: [0,0,2,0,3,11,0,3,17,0]
 M: 100

-problem: 307
 y: [4,10,0,16,7,0,6,0,0,0]
 M: 100

-problem: 308
 y: [17,16,0,9,12,18,0,1,0,6]
 M: 100

-problem: 309
 y: [0,0,13,8,0,0,15,16,0,21]
 M: 100

-problem: 310
 y: [3,20,8,9,20,4,3,0,0,0]
 M: 100

-problem: 311
 y: [5,0,12,0,21,9,7,18,0,0]
 M: 100

-problem: 312
 y: [0,9,0,0,0,6,0,8,0,12]
 M: 100

-problem: 313
 y: [7,9,0,0,5,4,2,0,0,3]
 M: 100

-problem: 314
 y: [0,0,0,0,3,0,17,20,1,0]
 M: 100

-problem: 315
 y: [12,0,0,0,4,4,3,0,0,15]
 M: 100

-problem: 316
 y: [0,11,0,2,13,5,0,2,2,0]
 M: 100

-problem: 317
 y: [20,0,0,2,0,12,22,0,20,16]
 M: 100

-problem: 318
 y: [8,5,0,21,20,0,13,9,0,12]
 M: 100

-problem: 319
 y: [0,0,0,18,7,0,14,0,5,9]
 M: 100

-problem: 320
 y: [17,18,0,0,2,11,0,0,20,18]
 M: 100

-problem: 321
 y: [16,8,8,0,0,0,0,7,13,2]
 M: 100

-problem: 322
 y: [0,0,4,0,0,1,0,1,21,0]
 M: 100

-problem: 323
 y: [4,0,0,3,9,0,3,0,15,20]
 M: 100

-problem: 324
 y: [15,9,12,0,0,0,0,22,12,1]
 M: 100

-problem: 325
 y: [14,13,20,0,0,0,6,5,0,14]
 M: 100

-problem: 326
 y: [0,10,0,13,2,8,20,13,7,4]
 M: 100

-problem: 327
 y: [9,12,13,0,20,15,9,11,16,0]
 M: 100

-problem: 328
 y: [0,0,3,19,14,0,0,7,0,4]
 M: 100

-problem: 329
 y: [0,3,0,0,9,0,5,4,4,17]
 M: 100

-problem: 330
 y: [7,0,2,0,3,0,1,1,15,0]
 M: 100

-problem: 331
 y: [0,0,14,0,15,0,10,4,0,5]
 M: 100

-problem: 332
 y: [0,0,0,3,0,1,0,16,1,1]
 M: 100

-problem: 333
 y: [0,0,10,3,0,0,15,0,0,3]
 M: 100

-problem: 334
 y: [0,0,5,8,0,0,4,0,8,0]
 M: 100

-problem: 335
 y: [0,0,14,17,11,0,11,0,10,14]
 M: 100

-problem: 336
 y: [4,0,0,0,13,18,0,0,0,9]
 M: 100

-problem: 337
 y: [6,5,0,0,0,10,3,15,0,0]
 M: 100

-problem: 338
 y: [8,6,8,0,14,4,3,0,5,0]
 M: 100

-problem: 339
 y: [13,19,0,0,0,9,15,1,14,0]
 M: 100

-problem: 340
 y: [14,18,0,0,0,12,0,0,13,20]
 M: 100

-problem: 341
 y: [0,0,0,18,0,0,0,0,17,5]
 M: 100

-problem: 342
 y: [3,15,0,13,20,0,18,13,0,0]
 M: 100

-problem: 343
 y: [0,0,19,15,21,0,0,1,20,3]
 M: 100

-problem: 344
 y: [0,0,0,4,2,13,22,0,0,3]
 M: 100

-problem: 345
 y: [5,7,0,0,2,0,0,0,0,4]
 M: 100

-problem: 346
 y: [15,0,0,19,1,4,17,22,4,14]
 M: 100

-problem: 347
 y: [13,0,12,4,15,19,0,0,2,10]
 M: 100

-problem: 348
 y: [0,17,0,6,19,0,0,0,0,15]
 M: 100

-problem: 349
 y: [19,0,16,0,0,4,18,0,2,4]
 M: 100

-problem: 350
 y: [16,17,0,4,15,19,0,0,0,20]
 M: 100

-problem: 351
 y: [0,0,0,12,0,0,0,0,0,0]
 M: 100

-problem: 352
 y: [17,0,10,13,21,2,7,0,9,1]
 M: 100

-problem: 353
 y: [14,9,0,0,0,0,0,0,9,11]
 M: 100

-problem: 354
 y: [0,0,0,12,0,3,17,21,7,16]
 M: 100

-problem: 355
 y: [9,4,12,0,9,0,0,1,0,6]
 M: 100

-problem: 356
 y: [3,19,0,0,9,0,3,8,22,12]
 M: 100
